340 442
215 357
788 854
468 826
741 786
48 86
108 496
218 231
148 612
352 503
774 814
425 922
654 924
13 383
249 318
356 742
472 918
681 797
175 916
537 747
882 913
646 771
133 724
150 722
134 632
29 334
343 781
876 918
606 742
495 694
79 823
283 889
756 820
345 455
181 446
219 298
495 551
485 603
25 367
61 974
485 810
97 800
412 965
35 258
458 792
168 353
131 887
8 811
557 986
279 407
190 963
485 975
198 248
461 693
78 701
544 860
155 352
706 784
86 727
179 358
471 982
720 808
455 632
79 828
26 168
24 742
180 190
128 354
204 437
136 482
268 743
397 570
10 245
254 413
730 876
161 570
591 730
23 826
7 156
545 907
140 425
39 613
874 934
536 754
360 668
35 105
145 406
225 797
411 660
335 431
105 891
306 556
393 615
183 875
934 993
829 959
741 781
885 995
10 312
146 646
106 449
694 779
651 756
772 884
607 863
149 792
84 166
443 640
62 162
2 825
765 766
251 431
225 305
644 976
721 949
223 246
79 669
152 525
815 935
66 175
29 195
63 521
91 699
453 862
630 994
22 823
296 578
282 947
637 884
377 691
233 764
73 537
128 368
376 383
692 770
297 351
339 747
249 924
399 423
527 603
87 382
344 904
201 718
435 627
40 759
365 782
386 840
81 555
243 548
482 554
446 459
374 907
711 894
197 544
145 570
311 987
75 882
591 815
118 451
172 687
122 782
643 714
386 941
294 926
367 700
775 851
450 726
616 701
727 911
29 920
784 857
417 768
343 461
754 791
168 515
79 952
44 110
224 556
187 200
621 687
327 985
218 575
274 381
112 864
224 810
206 309
282 679
597 684
653 831
23 95
35 143
196 347
349 399
253 456
169 482
224 797
797 799
372 513
526 877
925 939
12 165
516 798
324 889
538 614
49 850
411 919
49 139
24 47
269 333
89 548
109 486
315 933
295 792
223 463
741 824
6 355
264 798
526 602
124 814
86 390
180 402
157 932
183 338
22 35
6 169
173 951
335 535
84 163
69 433
964 975
591 924
713 822
181 872
679 947
439 629
84 719
250 262
177 558
162 868
161 578
494 592
95 498
207 665
114 370
108 997
821 937
571 625
311 719
347 830
170 896
96 713
6 785
390 559
86 980
22 591
289 771
451 822
606 917
113 583
592 937
294 874
243 571
483 926
69 879
659 899
15 658
37 535
129 734
96 482
316 984
171 496
227 239
245 724
302 543
138 609
461 833
252 253
16 798
322 710
218 502
71 824
59 493
441 922
4 442
481 648
152 920
7 927
1 101
413 921
605 847
107 620
473 663
203 944
167 900
630 889
258 614
297 449
398 680
379 556
103 903
549 792
71 855
442 727
628 775
517 879
386 812
424 438
189 494
797 889
726 864
346 827
540 765
556 666
426 749
575 581
779 924
155 339
561 756
247 564
432 923
43 209
128 893
365 713
519 854
5 317
429 999
230 772
31 455
163 746
458 742
367 479
369 980
278 398
596 637
522 632
302 847
121 705
86 573
32 681
74 355
440 874
49 207
350 955
441 893
117 286
596 833
113 731
53 264
404 711
404 892
22 423
5 405
579 816
724 754
46 297
802 923
319 606
307 787
52 82
482 727
623 854
239 653
278 685
955 981
226 264
27 274
500 788
393 476
486 990
159 726
127 984
1 105
276 421
231 236
483 763
618 838
87 863
291 534
92 272
348 605
38 892
583 720
768 932
420 564
38 207
376 427
404 891
538 722
26 655
172 495
627 641
66 156
173 401
268 397
413 762
911 926
163 244
259 840
561 651
464 591
691 845
46 675
292 601
105 819
806 965
109 875
73 508
203 490
149 751
8 770
463 916
482 616
196 881
657 769
239 829
8 913
746 907
280 958
267 880
333 390
14 305
335 549
736 757
414 572
48 731
739 855
443 825
134 565
28 646
388 613
216 707
30 618
640 682
73 383
646 762
484 908
5 844
481 660
174 625
28 516
563 636
486 968
34 240
215 892
381 596
757 939
130 747
185 441
153 237
425 624
834 854
450 943
253 495
456 965
2 26
111 428
151 581
750 840
119 991
228 819
245 891
602 662
270 967
108 179
476 834
23 571
449 864
653 991
609 951
470 542
269 982
551 878
54 258
735 871
204 411
459 997
171 671
188 535
299 636
229 824
122 354
12 453
142 218
181 458
625 633
59 802
185 999
260 865
851 885
303 406
472 914
608 660
476 938
242 260
830 982
119 980
580 602
737 990
363 961
500 955
32 895
325 731
586 640
107 266
917 946
771 859
478 976
335 461
673 729
393 980
47 441
168 412
273 276
274 410
594 624
557 861
262 875
45 243
321 989
67 154
346 930
51 244
161 449
306 737
110 950
218 591
326 622
259 387
208 996
428 729
307 587
951 974
455 767
496 953
25 437
427 633
45 970
66 949
178 535
34 445
381 409
769 940
332 698
167 902
494 978
560 925
613 877
192 647
595 644
269 317
382 484
375 725
42 316
792 991
98 935
102 552
474 488
198 380
515 586
73 739
101 470
112 386
257 484
788 853
571 746
585 690
432 846
584 859
534 707
437 793
403 498
316 529
372 472
8 924
487 825
458 853
502 578
424 658
454 815
90 734
528 749
484 606
159 220
190 626
754 761
497 583
96 537
261 945
262 800
799 890
376 836
122 383
162 891
35 284
185 469
349 420
421 535
79 528
23 722
300 872
337 754
287 476
451 921
106 171
199 859
386 788
22 485
426 786
64 230
151 611
889 958
197 732
290 985
509 730
129 852
37 229
385 450
152 936
266 778
443 721
362 979
236 824
607 731
370 829
353 390
388 822
447 899
374 737
817 847
505 937
262 728
382 532
37 778
518 580
89 538
199 344
192 947
896 923
233 554
685 919
71 720
257 676
295 604
408 843
500 539
321 706
506 984
654 753
35 921
97 688
594 782
603 612
34 313
53 497
348 812
204 438
421 648
61 539
25 170
407 869
158 565
820 856
396 506
1 81
2 65
519 548
645 761
208 379
577 723
230 411
430 738
162 380
312 990
43 798
209 554
601 984
249 755
107 805
397 848
324 781
183 757
347 676
404 646
60 571
38 988
441 686
119 806
619 716
177 463
57 237
92 689
127 583
353 907
132 837
295 443
153 760
560 776
282 924
508 918
160 646
503 789
490 539
27 607
241 986
657 701
312 683
791 813
422 463
480 828
277 931
82 928
158 591
14 485
450 585
562 940
56 966
221 863
240 957
97 463
558 635
11 65
300 305
763 894
216 321
244 921
127 160
308 974
42 648
153 907
103 874
462 549
781 931
211 304
598 940
86 849
307 612
497 611
205 306
244 646
10 663
220 657
691 906
88 629
396 488
381 540
347 859
44 877
243 551
43 578
242 386
305 785
138 474
175 193
231 932
267 759
250 281
368 879
663 956
350 868
294 721
206 791
136 186
248 415
228 256
525 929
159 615
710 988
180 806
166 534
459 611
88 417
191 493
49 182
565 837
233 740
696 822
274 510
531 708
112 786
611 869
226 912
462 607
176 746
546 914
396 487
179 977
808 853
522 949
517 696
129 239
760 973
2 17
102 251
227 348
185 311
37 41
627 777
21 282
557 643
119 924
110 707
449 763
177 564
246 400
396 786
608 971
689 952
511 696
238 992
612 771
259 317
296 561
199 448
669 823
227 516
153 744
410 473
28 920
160 993
1 918
893 961
38 168
200 737
311 367
69 980
606 813
70 205
71 540
14 591
366 777
437 807
39 567
465 857
337 434
299 970
581 810
160 538
479 848
92 631
256 661
478 689
9 958
709 736
806 926
196 565
417 491
307 372
590 726
184 745
51 257
189 754
405 565
134 157
102 609
340 500
198 864
72 154
454 835
181 598
224 258
336 660
8 241
617 805
121 131
448 861
657 804
363 699
34 199
273 712
0 768
132 712
705 717
356 379
30 43
114 214
171 278
293 987
394 427
594 853
640 780
354 731
174 924
359 416
14 830
109 238
187 275
423 908
466 883
118 812
138 228
642 878
609 916
404 528
117 857
29 927
62 271
500 694
194 617
48 676
675 864
803 980
453 536
19 37
827 848
257 293
21 452
42 398
170 660
301 362
635 773
0 495
266 992
558 582
569 777
894 998
329 762
423 804
130 294
441 740
80 356
171 488
122 147
834 973
90 671
473 699
442 487
315 969
799 938
229 771
253 551
516 850
844 926
367 917
408 602
503 877
27 752
212 970
289 796
16 564
716 989
609 707
440 875
404 910
116 400
116 845
303 668
500 556
191 743
360 876
822 891
568 955
29 709
97 485
596 679
14 164
262 983
285 932
162 315
363 514
683 726
201 263
115 808
42 350
33 53
489 599
557 727
75 628
461 531
5 694
25 725
300 476
104 741
943 975
324 490
434 717
399 472
129 281
160 870
370 719
170 803
405 444
86 425
390 752
375 412
124 367
768 933
269 541
770 985
439 600
540 774
544 924
262 947
83 191
108 940
250 724
474 704
148 591
40 53
223 975
77 571
23 579
617 880
48 762
174 469
213 897
52 274
218 770
623 975
110 232
774 787
12 860
423 736
264 802
323 567
105 963
16 546
218 738
147 440
610 671
652 963
206 981
340 750
877 939
324 829
919 927
900 904
387 599
709 882
156 863
28 835
213 926
841 912
492 529
842 884
535 538
277 774
313 565
96 931
117 711
27 227
559 634
391 457
581 990
180 570
103 398
733 766
774 778
113 974
299 448
196 310
532 719
650 692
478 524
338 534
122 980
270 569
74 492
383 689
577 842
637 711
188 929
528 820
122 496
285 911
698 882
383 459
494 639
80 479
150 790
299 424
317 969
618 646
657 865
676 813
273 387
366 847
678 695
331 757
98 175
65 875
377 937
231 457
399 888
754 943
313 357
154 284
322 612
172 728
212 605
51 866
379 433
248 791
71 305
219 424
681 728
495 677
783 974
44 707
99 485
584 809
781 908
191 914
527 962
159 233
436 991
878 946
366 999
184 666
204 403
331 928
333 956
227 911
174 640
710 748
159 382
327 776
237 288
181 707
166 681
388 668
278 536
318 725
444 880
727 828
13 708
345 729
489 988
311 995
58 254
223 728
92 913
73 427
888 971
732 773
749 865
532 844
384 847
560 926
691 827
213 937
34 54
54 615
130 578
515 642
95 126
117 722
756 927
744 868
312 713
8 928
624 778
74 295
76 519
244 520
541 812
528 960
696 961
34 696
135 377
937 998
419 603
8 451
167 317
9 110
100 742
212 611
216 817
250 640
142 914
344 709
382 396
394 410
404 746
331 961
133 890
308 601
482 505
482 572
800 990
545 704
512 552
358 559
624 690
287 938
432 973
385 507
300 986
82 549
428 569
386 717
217 237
2 76
220 955
646 886
116 783
280 448
597 653
192 764
32 353
532 541
584 835
125 199
52 729
327 474
240 905
494 882
813 986
19 450
83 325
335 732
528 598
909 914
14 160
783 905
271 307
257 608
604 632
9 992
104 536
340 451
503 657
179 400
219 690
165 237
351 993
120 513
25 160
279 751
319 985
323 624
655 787
306 651
59 334
253 502
242 781
764 940
168 974
69 903
710 927
103 967
16 183
328 361
733 897
347 996
83 791
317 719
46 503
70 393
209 939
135 596
847 857
204 698
558 985
78 818
562 923
138 719
605 791
841 958
73 863
111 836
240 878
114 766
544 572
320 321
212 922
29 60
234 504
91 722
259 510
301 977
762 933
374 616
433 439
468 485
567 827
294 334
185 745
719 731
797 987
902 978
544 853
193 858
561 830
224 452
370 402
34 564
273 788
71 935
57 909
114 221
24 141
336 538
98 985
747 783
454 999
393 435
417 884
901 974
326 681
38 978
789 890
59 315
313 685
479 868
643 804
94 398
263 615
506 777
585 791
56 141
22 28
403 940
171 377
443 508
483 571
279 850
764 920
484 797
548 838
309 544
252 905
221 244
77 666
43 790
82 743
27 551
157 215
583 656
582 664
548 981
825 885
384 893
132 958
143 696
323 813
271 960
195 434
183 866
300 958
467 877
764 965
94 660
458 927
55 990
631 938
61 499
118 716
429 932
159 465
235 288
607 983
601 917
10 957
673 833
249 764
160 636
606 704
388 448
68 525
39 731
555 780
447 849
609 851
310 609
204 476
471 484
564 855
35 288
370 859
308 703
183 343
816 963
268 845
534 642
300 401
567 642
123 574
359 913
731 969
418 453
2 986
167 963
204 591
297 315
172 270
621 900
950 979
40 542
688 849
97 723
259 316
562 984
63 628
377 776
121 579
107 624
695 989
167 906
666 993
225 493
120 883
176 258
394 399
582 948
380 847
201 766
331 342
336 984
300 392
619 976
287 396
413 636
50 790
469 501
253 424
625 650
735 910
455 781
5 627
392 510
504 792
184 701
489 722
344 694
309 684
130 452
131 933
331 688
631 734
428 715
139 414
69 646
1 302
56 367
122 700
149 713
403 514
463 749
667 715
262 758
502 747
361 659
16 114
17 388
164 800
165 607
504 935
171 926
207 680
210 623
135 891
523 866
265 630
240 986
594 850
204 637
208 238
11 902
763 797
215 446
519 859
45 155
211 770
340 508
101 344
694 893
675 999
514 703
256 840
429 631
13 685
158 981
233 623
90 951
442 642
426 856
98 685
441 731
134 439
266 993
432 505
143 593
570 921
257 341
277 564
558 927
181 464
298 471
507 870
568 804
257 936
161 868
50 547
325 700
780 841
283 803
280 862
508 869
304 790
773 806
705 912
300 608
122 585
138 978
177 373
69 84
894 927
71 191
111 996
560 621
64 183
300 885
46 625
452 572
431 608
25 71
584 604
90 615
288 995
473 630
458 957
42 351
355 748
42 177
115 939
86 165
455 485
854 988
321 864
468 580
431 688
486 496
568 980
225 489
58 885
402 982
319 838
686 914
157 682
581 781
929 943
380 533
252 322
851 951
399 669
240 975
141 841
224 702
4 336
725 978
284 478
233 237
431 537
697 851
633 985
79 298
745 759
154 927
397 782
12 465
88 290
452 707
676 824
588 599
330 918
686 839
743 750
158 387
306 312
506 970
606 887
555 598
203 381
350 939
575 749
881 935
300 798
46 899
233 325
558 710
326 974
94 859
228 584
313 468
545 571
30 407
123 531
197 504
90 162
272 406
74 117
590 826
77 349
39 746
494 942
81 493
299 633
467 491
339 414
128 245
203 485
738 744
23 342
208 573
406 514
56 535
628 722
519 605
421 962
98 605
544 737
241 322
642 777
142 499
53 732
275 945
134 938
97 271
427 666
420 814
102 471
191 471
410 849
51 653
303 804
184 394
698 710
148 731
702 859
152 264
405 602
881 908
172 955
601 735
728 977
283 783
532 608
254 715
267 817
261 416
794 874
192 286
637 932
158 615
420 732
130 659
23 476
64 147
483 609
213 387
358 675
16 278
144 859
161 692
94 837
521 581
634 729
194 871
281 394
187 761
470 535
38 944
219 686
843 997
755 839
367 767
309 335
66 429
356 620
418 632
54 65
623 997
662 991
493 693
226 551
380 431
121 177
123 149
303 980
323 439
487 941
660 862
55 226
370 564
208 678
831 845
117 796
122 999
625 672
469 984
653 687
521 590
54 532
266 774
618 819
508 808
716 735
761 813
761 962
371 650
483 689
395 455
895 966
273 518
236 859
737 919
498 708
300 883
263 695
599 692
52 102
414 517
608 676
701 987
333 587
778 869
836 988
106 612
110 220
209 894
578 905
645 726
119 853
281 526
109 770
180 975
164 606
453 776
130 391
116 300
23 639
121 952
565 919
110 507
12 858
722 927
134 492
136 923
601 931
376 949
799 836
535 858
719 724
23 491
387 554
814 903
533 861
323 680
50 976
179 354
723 873
17 214
92 227
588 651
330 730
594 789
59 553
480 962
409 919
211 850
178 918
506 507
72 546
929 936
82 464
854 914
156 993
88 610
359 682
363 728
126 324
516 602
702 710
298 520
151 190
151 357
538 681
861 920
84 131
285 286
12 903
328 362
24 675
188 938
339 823
231 776
723 819
273 418
476 831
459 484
167 943
629 704
558 990
66 286
385 650
180 989
474 837
337 949
161 654
248 788
290 343
301 875
140 993
450 733
353 924
476 605
186 477
556 812
395 432
590 875
157 737
196 214
290 399
594 995
370 532
719 823
872 878
389 804
686 970
319 679
530 857
752 969
34 904
0 24
20 203
350 694
39 883
154 932
391 617
267 530
453 995
662 771
903 928
360 967
580 648
84 991
137 141
565 994
12 806
309 958
398 812
628 807
257 739
426 890
368 741
282 781
39 825
145 304
567 820
72 451
218 731
954 993
622 652
6 513
338 484
45 496
699 995
174 315
838 980
342 775
37 705
3 613
314 499
426 668
717 893
119 356
47 763
29 455
30 928
287 306
553 770
382 884
532 991
147 209
189 252
131 990
6 734
62 682
583 945
91 937
753 910
610 708
612 637
602 671
78 618
647 832
873 930
379 498
303 565
567 776
641 712
552 826
40 222
61 781
979 992
7 747
563 661
286 839
307 954
162 199
271 859
182 217
535 997
607 680
115 349
64 994
467 571
156 515
125 385
778 825
809 868
69 545
97 586
226 499
188 359
228 926
120 882
16 120
569 574
553 916
130 680
388 605
242 251
81 545
631 930
35 92
139 698
360 882
539 943
287 660
182 289
240 280
159 390
556 680
387 440
243 735
100 295
169 259
227 844
176 294
128 466
383 625
461 807
355 734
69 668
109 320
201 935
381 998
223 456
220 529
80 996
121 248
395 835
527 682
99 667
36 119
19 25
184 397
493 637
81 538
282 685
323 741
322 615
13 353
234 389
255 584
575 738
194 752
111 500
392 511
357 782
105 715
452 923
54 508
237 446
243 744
595 629
134 147
45 161
430 699
193 611
151 618
602 961
823 867
515 631
458 789
95 762
187 397
498 701
579 636
509 933
57 284
256 444
533 559
259 527
560 624
392 535
304 745
49 509
505 659
274 946
489 924
128 972
309 510
240 278
7 331
832 848
814 948
637 751
357 450
178 980
276 342
297 458
619 827
240 357
105 971
71 388
233 655
273 792
340 509
395 439
36 601
328 914
203 949
112 825
477 761
635 782
151 295
545 969
156 357
251 634
124 765
416 655
75 130
165 583
315 749
780 945
93 704
732 736
548 866
129 446
679 930
574 998
59 848
262 520
692 930
219 819
126 189
59 487
8 168
619 806
542 799
763 898
12 476
614 673
291 367
292 572
96 730
650 682
856 944
549 993
234 824
109 775
148 550
424 572
520 593
1 950
455 761
45 437
393 812
563 853
13 566
171 665
362 715
309 533
606 789
149 873
60 970
227 725
98 360
106 942
197 501
110 611
183 806
85 947
422 879
719 975
724 917
116 176
244 493
561 936
16 296
940 953
218 931
204 504
42 495
104 849
26 421
81 259
887 975
78 223
525 640
121 218
387 707
635 750
597 598
412 713
824 986
568 836
697 850
22 445
459 692
121 502
391 727
748 931
105 679
658 768
199 672
239 663
921 927
223 388
90 508
652 729
279 695
285 790
7 892
488 499
839 976
389 705
257 810
22 545
70 510
361 654
309 947
396 443
401 810
93 522
60 662
314 329
26 866
116 861
553 898
82 285
228 332
526 943
813 832
506 945
106 218
362 407
160 327
535 935
510 589
386 935
356 388
194 479
426 666
306 539
145 927
127 865
204 804
98 364
771 976
142 725
84 452
286 405
387 672
427 834
439 753
0 805
412 789
70 281
751 776
240 474
183 986
8 22
77 190
188 391
206 802
355 746
409 636
28 376
31 587
50 813
588 812
696 925
25 797
421 616
793 947
264 716
153 985
281 989
318 698
177 438
710 856
327 383
548 600
769 822
878 937
827 937
130 443
591 860
201 238
292 531
585 847
251 280
623 720
254 354
306 765
350 523
77 881
31 930
172 254
29 443
585 645
14 407
345 632
75 994
238 267
221 721
61 733
722 761
177 965
524 941
415 858
680 830
238 506
332 843
27 404
317 879
619 748
343 774
731 762
219 673
572 784
629 668
614 618
99 932
326 346
122 191
492 971
751 937
218 903
402 936
33 496
460 515
192 929
118 857
750 818
180 536
70 267
293 775
554 883
332 879
95 858
287 559
315 519
852 892
528 602
534 956
380 999
662 786
4 938
98 390
122 666
657 960
485 743
648 691
182 558
81 697
192 645
59 121
93 542
484 916
585 889
490 511
436 538
610 851
722 841
3 653
281 806
11 202
304 375
69 915
676 684
203 521
290 556
517 736
457 863
21 497
110 936
228 670
18 103
235 478
236 480
173 604
424 661
178 500
944 993
410 510
379 651
175 690
589 969
418 965
43 813
19 747
205 267
208 651
203 233
121 217
88 262
786 933
125 927
788 961
96 651
759 789
528 569
12 905
7 982
492 840
625 754
8 489
310 674
560 575
188 976
155 210
410 771
396 882
1 712
576 791
42 833
519 721
39 892
133 865
444 569
573 822
263 482
411 509
531 690
180 268
589 962
276 482
334 818
334 743
427 790
504 537
583 638
967 991
198 365
759 786
99 293
377 587
450 905
488 564
75 316
441 698
340 597
685 796
942 954
125 457
33 477
162 837
539 983
385 472
773 941
260 614
652 795
482 818
543 878
358 394
140 729
418 554
329 522
471 835
293 532
419 681
47 970
611 999
199 288
64 579
118 216
215 264
397 948
306 375
181 308
532 953
112 426
825 880
203 807
908 979
529 853
108 676
625 748
58 810
554 855
203 271
167 285
155 822
11 240
231 373
53 656
324 691
127 164
594 699
74 207
789 934
262 889
750 842
260 696
603 638
235 696
200 496
769 830
535 583
294 302
224 929
23 275
150 409
632 904
687 888
429 536
12 77
196 754
910 929
76 920
682 847
24 515
160 240
116 723
564 754
466 949
432 472
782 983
360 730
803 901
327 451
184 755
186 897
207 793
632 689
154 320
101 396
579 673
79 895
72 158
574 698
110 239
495 713
29 592
47 817
604 785
182 984
382 885
0 756
221 638
24 336
260 337
443 979
244 299
320 748
377 898
338 655
178 787
547 595
195 466
58 845
661 882
702 760
904 921
480 822
264 995
62 826
605 984
583 762
267 805
363 607
347 973
313 845
153 992
406 498
643 789
385 900
364 938
361 472
604 889
778 925
221 966
214 380
591 984
96 687
423 634
562 912
154 951
240 813
545 763
237 785
346 581
535 597
76 145
422 984
596 936
650 695
707 954
727 888
201 763
196 611
2 466
424 577
344 605
316 599
112 706
213 772
517 854
409 807
648 880
9 589
467 594
268 929
824 935
606 615
286 718
437 514
921 953
187 205
301 879
632 814
444 724
429 754
102 984
340 933
94 230
422 979
7 824
432 712
622 824
163 510
410 643
610 768
679 990
590 845
530 601
262 502
392 529
10 747
674 836
292 555
198 211
861 945
311 564
75 683
166 445
403 527
5 625
502 944
122 457
359 780
19 685
26 630
390 912
429 747
835 975
533 891
220 394
148 223
22 121
26 585
8 244
31 728
564 783
159 616
438 714
148 529
604 702
99 952
300 385
69 875
233 930
894 994
92 438
681 759
97 488
208 821
120 642
228 312
857 867
215 440
306 628
181 750
240 811
314 558
333 344
116 536
397 774
561 957
68 206
412 899
1 997
753 984
68 252
139 841
274 924
167 650
26 999
78 468
84 334
410 601
126 800
433 626
490 613
398 479
368 854
114 472
410 549
134 437
428 658
565 644
327 593
585 958
716 781
225 276
43 877
62 219
742 868
190 545
467 617
104 365
70 749
158 245
15 408
40 74
225 461
533 710
190 298
176 570
66 825
321 551
177 282
841 883
453 637
241 687
40 473
210 848
124 823
583 909
17 116
364 760
110 443
25 978
458 629
455 869
792 802
225 615
463 708
672 709
838 912
63 224
725 922
9 579
239 898
232 355
61 809
27 377
10 403
619 854
292 558
565 830
725 934
145 940
849 973
167 798
96 936
175 888
472 530
557 561
181 609
165 743
280 623
335 582
54 786
152 379
512 810
279 988
514 655
16 558
1 293
268 584
610 763
365 405
96 833
171 903
392 525
48 415
253 689
693 790
450 968
659 922
74 556
811 890
830 944
300 619
28 569
579 657
340 420
195 548
624 658
159 586
435 927
865 988
618 876
378 706
621 782
493 712
629 966
20 454
747 930
247 434
214 963
19 936
360 643
344 637
570 961
311 913
496 904
117 930
904 938
483 958
237 517
462 827
302 716
123 320
805 929
75 825
204 214
482 797
176 997
140 251
216 316
611 687
568 646
18 546
660 673
664 954
332 370
83 387
145 810
763 936
13 777
293 669
808 922
604 974
149 756
904 962
374 660
484 847
8 650
787 911
347 465
205 573
153 559
6 673
45 415
766 941
89 138
10 303
71 309
145 518
240 298
383 690
277 923
594 815
520 726
426 717
547 786
120 486
558 808
14 298
617 871
672 699
13 770
31 423
16 63
237 481
40 864
99 885
160 735
674 770
195 816
108 586
628 731
129 671
320 602
693 865
105 520
79 825
279 846
164 731
536 846
613 864
45 659
229 257
49 720
285 901
164 231
610 998
699 980
77 547
27 825
553 640
618 857
2 628
485 846
622 756
280 501
173 565
102 883
485 991
34 700
371 898
517 742
368 845
791 893
188 963
216 354
514 584
235 472
681 710
158 283
391 570
198 796
236 377
6 105
221 459
367 412
170 334
136 498
814 853
193 231
67 135
123 937
732 807
550 686
421 618
151 767
636 956
358 704
177 852
70 259
71 734
165 533
110 943
374 949
213 974
822 852
217 976
236 481
254 512
368 991
202 746
5 752
489 551
249 589
124 591
286 330
17 982
159 535
146 754
338 394
220 519
205 500
691 946
283 673
86 365
259 799
434 783
291 599
74 301
532 948
700 745
349 416
543 677
243 591
397 984
120 333
138 993
443 836
45 267
381 741
57 348
248 391
908 941
503 765
142 920
180 203
109 597
236 933
19 207
4 921
300 573
483 487
698 728
698 789
5 166
331 684
544 980
504 538
270 840
748 773
464 617
513 883
642 665
368 692
615 898
686 854
11 425
291 557
74 423
311 971
19 977
63 155
561 728
85 303
195 614
417 458
489 837
435 769
573 934
135 644
388 487
373 687
47 759
512 569
32 526
201 905
128 359
221 619
112 737
96 555
406 850
945 973
359 790
694 821
267 475
1 482
330 933
77 194
187 475
461 728
100 266
283 855
486 544
32 807
235 992
307 495
56 963
143 541
590 591
113 121
95 953
350 435
153 533
445 751
686 968
301 523
358 580
334 353
416 565
236 462
171 503
259 549
918 982
83 962
137 988
357 889
49 184
344 418
234 577
754 820
644 756
573 613
244 699
653 957
667 736
158 248
429 535
303 471
214 589
213 571
87 855
238 327
2 84
383 954
3 744
139 966
353 968
460 996
100 249
64 272
484 792
394 608
529 656
702 918
243 586
588 803
203 715
58 152
22 857
759 912
45 494
526 868
301 516
749 752
90 290
935 958
545 960
316 928
462 553
429 767
160 983
248 258
167 564
255 870
326 679
147 211
419 854
149 699
205 302
560 771
160 657
583 947
14 474
566 647
769 964
453 544
594 936
57 629
28 474
370 382
481 926
371 939
279 441
125 840
670 737
196 265
16 159
719 865
346 800
202 678
422 640
408 676
406 499
155 330
764 769
247 559
547 893
161 170
256 759
866 967
21 825
80 267
301 352
192 757
249 388
105 277
814 846
14 615
56 762
290 353
1 15
40 937
310 612
50 822
315 363
597 710
618 733
87 697
438 761
565 903
520 951
595 784
250 851
192 915
464 904
212 545
181 854
45 96
550 599
189 917
771 774
223 532
8 603
176 470
46 729
209 996
122 786
233 483
767 840
125 669
389 745
700 957
51 612
131 490
206 653
245 638
781 977
249 960
103 368
14 53
109 318
275 609
310 639
276 398
63 342
44 968
387 815
192 288
691 924
598 632
395 702
892 925
472 934
71 205
109 794
130 877
203 349
422 526
423 773
320 933
253 890
458 819
239 443
43 894
338 898
321 846
69 754
14 827
92 738
878 897
772 908
663 833
557 777
528 877
283 739
303 748
93 691
476 485
261 583
163 434
122 578
374 723
197 629
628 773
266 667
294 879
762 975
191 765
105 545
325 843
515 791
772 996
534 655
416 731
52 830
355 658
651 929
427 468
67 723
50 82
0 981
306 629
289 427
109 234
169 730
505 666
445 637
464 607
141 250
114 344
759 815
557 915
73 627
916 984
286 465
89 503
72 409
442 783
761 974
420 841
113 457
44 845
245 252
235 586
446 573
620 869
141 476
586 622
548 951
784 910
538 717
682 882
595 916
190 344
338 449
138 520
286 860
807 870
849 971
331 899
333 923
173 838
209 661
232 424
48 789
512 746
322 793
352 878
57 553
42 482
334 875
244 858
69 103
448 506
33 887
395 872
305 445
453 525
19 920
574 796
204 282
315 740
583 726
314 566
257 565
572 927
39 943
632 732
465 938
429 783
408 714
47 226
305 923
202 596
242 617
59 616
61 921
228 980
447 895
284 307
179 387
175 460
161 611
360 789
43 489
189 394
135 978
654 952
232 873
468 583
124 889
363 630
418 706
483 591
621 973
567 689
201 872
129 398
424 895
277 579
207 715
65 379
190 927
28 46
373 714
309 705
256 933
36 331
184 340
607 764
169 717
115 265
138 450
461 836
155 469
428 935
655 821
513 772
21 373
201 413
40 883
39 639
243 928
462 468
45 276
189 939
263 680
600 914
143 557
130 851
147 550
81 192
616 938
46 461
102 734
178 615
217 430
453 640
225 717
331 402
800 950
323 857
358 519
270 421
348 887
94 290
242 667
39 818
613 835
246 548
446 816
394 449
113 356
477 731
188 274
29 648
215 419
748 749
179 572
54 688
238 328
129 210
2 576
96 848
359 586
294 409
70 997
163 943
592 715
574 591
424 674
10 880
67 865
601 870
450 842
508 789
287 955
328 403
273 963
658 859
220 571
44 156
264 837
744 890
29 528
694 855
149 841
275 656
157 897
600 689
801 905
161 999
308 626
238 834
607 896
72 345
136 238
392 547
339 796
543 999
440 892
529 775
189 416
768 910
272 829
76 806
461 599
97 850
845 926
631 789
427 660
134 373
176 916
190 790
363 428
601 730
612 967
22 170
97 250
478 789
762 794
62 643
28 170
553 719
565 898
877 880
806 995
435 527
163 690
2 118
203 404
481 871
243 576
206 628
464 952
104 709
2 757
233 428
409 778
144 395
291 569
511 519
449 475
334 434
301 876
98 244
361 957
638 785
14 218
288 938
251 656
168 400
481 577
745 839
248 489
440 485
121 400
215 362
434 898
400 425
346 669
771 980
78 844
118 137
62 650
229 853
161 477
182 479
459 871
153 656
49 683
61 466
528 964
547 970
53 161
127 881
240 918
55 878
186 446
518 983
336 495
192 612
228 354
88 693
253 285
87 996
681 718
427 842
0 298
647 955
300 583
118 986
393 412
34 288
471 636
716 772
200 477
151 646
607 759
708 714
69 580
110 338
36 659
435 976
593 638
170 729
68 473
103 575
177 844
714 768
109 393
290 549
183 589
183 487
556 712
351 939
137 531
262 583
907 958
124 730
15 734
132 872
37 152
28 70
3 8
441 978
443 849
613 666
356 587
724 883
247 321
430 514
234 604
202 424
132 860
866 915
153 753
116 227
296 718
672 728
206 826
254 968
22 523
99 441
423 875
355 945
67 462
362 766
382 623
751 823
202 839
222 585
336 904
554 681
66 543
486 697
35 467
872 925
290 482
334 495
77 415
95 960
226 785
264 665
44 940
376 669
433 713
984 999
515 535
147 196
574 765
299 470
365 809
31 387
514 709
434 830
788 977
331 338
648 974
13 95
465 625
516 762
598 716
178 315
70 373
553 567
625 738
420 762
293 372
292 716
574 991
111 963
979 983
31 543
485 648
138 210
382 993
328 696
115 678
884 984
233 790
84 446
411 902
490 940
730 831
86 260
164 953
184 833
128 748
481 734
460 918
527 600
10 184
535 779
94 130
594 987
353 975
9 752
265 606
487 971
292 353
19 990
665 938
541 626
279 991
191 809
70 609
534 595
141 894
538 542
461 818
349 896
381 849
67 816
46 372
301 660
196 298
716 808
272 934
590 881
2 742
185 301
439 863
867 896
318 532
122 566
275 413
357 381
397 550
183 544
203 430
494 675
583 708
400 661
262 506
0 83
156 179
581 803
958 987
51 82
64 600
352 927
347 975
194 493
728 954
88 889
690 925
180 774
71 508
92 177
699 937
19 838
760 867
866 951
406 681
652 657
432 633
361 677
15 613
74 956
570 793
221 827
537 682
167 181
25 817
100 339
389 582
46 601
251 729
286 503
456 556
43 461
790 841
239 445
203 308
109 450
455 601
603 982
513 632
510 693
602 744
775 838
816 834
545 847
33 549
327 831
273 908
218 970
406 672
577 884
246 968
135 436
47 635
12 385
252 459
53 150
14 647
131 782
793 857
337 417
7 307
599 864
708 982
322 610
345 533
608 872
181 882
35 131
352 876
340 628
318 815
49 647
373 394
106 944
51 282
198 970
17 161
38 52
4 535
7 443
80 506
78 789
463 521
616 657
49 845
57 728
26 612
1 994
644 745
496 543
474 586
191 208
207 567
177 889
138 448
459 815
170 662
281 385
503 574
472 744
382 949
550 582
275 327
8 204
494 807
98 468
445 523
142 533
17 154
454 812
760 852
384 861
527 903
723 840
155 922
101 319
691 892
361 527
450 671
378 710
111 874
611 927
79 550
578 726
562 572
799 825
536 637
741 966
275 808
142 897
187 500
652 664
188 811
903 961
102 975
92 578
660 807
275 793
607 632
424 711
331 821
632 726
172 828
446 909
46 768
325 649
200 832
109 557
38 925
365 707
955 978
429 731
333 567
15 391
368 622
93 644
134 275
819 888
28 676
693 922
180 568
342 539
163 407
255 302
293 871
93 565
592 850
80 193
667 775
62 113
254 490
624 979
588 886
115 402
335 503
706 745
389 715
158 809
672 836
715 896
19 271
661 708
59 497
371 685
45 830
193 879
763 924
88 351
105 202
513 779
437 474
352 943
224 852
78 921
239 441
83 100
452 855
0 421
53 677
20 936
38 315
404 914
242 277
498 875
65 820
136 836
502 867
157 198
341 628
379 417
306 396
233 301
182 283
6 981
977 991
167 541
709 719
251 875
820 877
199 669
330 771
313 456
775 931
874 964
545 876
303 643
179 474
362 774
128 653
201 412
438 878
438 467
131 351
761 923
830 863
81 377
7 479
178 661
178 363
215 722
555 903
103 493
205 514
524 954
154 701
165 935
106 217
416 428
531 984
509 654
87 994
92 404
275 940
532 984
321 671
451 728
106 365
218 468
257 951
195 740
27 230
53 931
174 635
174 481
488 808
360 637
109 681
662 961
61 315
39 631
421 981
652 674
28 196
231 463
173 289
235 351
625 715
275 763
330 441
422 638
41 554
614 788
127 677
28 800
485 609
72 820
217 438
867 979
312 937
198 227
37 279
336 581
378 867
289 721
143 161
755 834
717 903
39 671
242 489
551 667
721 988
66 795
304 566
486 965
234 319
153 810
492 975
435 521
400 613
293 709
679 794
25 691
707 884
236 399
505 717
270 666
622 751
554 887
129 669
115 449
82 193
210 471
374 500
781 998
123 692
110 659
238 505
221 351
442 540
150 270
154 837
502 562
601 878
256 855
216 949
415 595
159 212
256 322
132 864
784 830
301 718
13 825
360 619
774 982
18 913
3 240
238 524
21 388
496 544
479 728
19 430
575 834
227 285
781 873
33 350
698 784
749 971
456 675
1 309
257 760
19 956
368 572
118 538
374 463
596 775
124 963
396 895
832 912
346 747
185 577
350 734
202 322
392 442
176 908
