0 2
0 964
1 669
1 2
1 3
1 4
1 517
1 262
1 8
1 779
1 140
1 14
1 399
1 656
1 401
1 146
1 259
1 406
1 538
1 815
1 668
1 218
1 34
1 419
1 421
1 297
1 46
1 559
1 515
1 52
1 182
1 315
1 318
1 447
1 965
1 327
1 330
1 844
1 78
1 336
1 337
1 978
1 726
1 90
1 219
1 655
1 96
1 996
1 485
1 658
1 240
1 244
1 830
1 630
1 121
1 251
2 258
2 3
2 5
2 646
2 769
2 8
2 9
2 10
2 12
2 526
2 23
2 27
2 796
2 32
2 176
2 164
2 38
2 935
2 168
2 41
2 42
2 171
2 48
2 884
2 445
2 958
2 63
2 64
2 962
2 199
2 335
2 592
2 466
2 889
2 92
2 349
2 104
2 361
2 495
2 488
2 756
2 758
2 505
2 191
2 253
2 126
3 427
3 4
3 342
3 7
3 137
3 906
3 11
3 12
3 141
3 142
3 16
3 18
3 899
3 24
3 26
3 283
3 29
3 801
3 163
3 933
3 550
3 41
3 135
3 45
3 619
3 689
3 50
3 564
3 313
3 59
3 60
3 972
3 62
3 320
3 65
3 578
3 67
3 581
3 454
3 328
3 73
3 332
3 269
3 209
3 980
3 86
3 985
3 91
3 395
3 93
3 425
3 465
3 860
3 444
3 490
3 107
3 108
3 890
3 110
3 881
3 638
3 169
3 633
3 762
3 507
3 252
3 254
4 5
4 6
4 9
4 10
4 13
4 20
4 149
4 407
4 154
4 285
4 880
4 39
4 172
4 45
4 797
4 54
4 441
4 186
4 522
4 684
4 326
4 844
4 483
4 217
4 736
4 97
4 227
4 240
4 118
4 383
5 6
5 397
5 148
5 149
5 24
5 794
5 33
5 292
5 167
5 429
5 307
5 308
5 567
5 445
5 510
5 629
5 202
5 203
5 728
5 36
5 99
5 105
5 235
5 573
5 369
5 370
5 243
5 245
5 126
6 640
6 7
6 139
6 14
6 15
6 17
6 786
6 20
6 21
6 22
6 23
6 408
6 27
6 288
6 34
6 422
6 39
6 554
6 775
6 812
6 48
6 58
6 59
6 831
6 579
6 836
6 71
6 468
6 91
6 227
6 228
6 997
6 359
6 616
6 235
6 748
6 114
6 891
6 508
6 766
7 71
7 839
7 496
7 980
7 471
7 219
7 125
7 30
8 163
8 68
8 677
8 673
8 977
8 13
8 654
8 47
8 943
8 612
8 498
8 995
8 181
8 792
8 25
8 90
8 271
8 28
8 506
9 161
9 711
9 11
9 44
9 653
9 19
9 659
9 868
9 828
10 129
10 385
10 971
10 652
10 270
10 531
10 594
10 19
10 340
10 757
10 374
10 819
10 472
10 164
10 61
10 62
10 287
11 388
11 136
11 15
11 16
11 273
11 914
11 131
11 278
11 535
11 25
11 900
11 155
11 156
11 926
11 31
11 547
11 36
11 37
11 423
11 683
11 904
11 50
11 51
11 948
11 949
11 54
11 649
11 312
11 186
11 187
11 63
11 965
11 795
11 859
11 717
11 206
11 207
11 83
11 88
11 851
11 753
11 293
11 608
11 610
11 230
11 105
11 108
11 112
11 241
11 370
11 403
11 757
11 247
11 120
12 385
12 99
12 490
12 458
12 910
12 378
12 282
12 124
12 317
13 112
13 195
13 729
14 165
14 40
14 426
14 17
14 52
14 693
14 89
14 539
14 166
15 33
15 322
15 43
15 485
15 903
15 842
15 109
15 559
15 774
15 244
15 214
15 850
15 982
15 331
15 28
15 698
15 30
16 989
16 733
16 135
16 778
16 523
16 270
16 145
16 18
16 147
16 532
16 411
16 807
16 44
16 557
16 431
16 179
16 57
16 64
16 201
16 843
16 588
16 339
16 605
16 273
16 365
16 238
16 624
16 882
16 499
16 643
17 516
17 138
17 143
17 21
17 281
17 414
17 546
17 35
17 548
17 680
17 173
17 686
17 49
17 53
17 185
17 192
17 66
17 196
17 325
17 710
17 993
17 712
17 330
17 715
17 205
17 850
17 987
17 97
17 356
17 978
17 379
17 254
18 144
18 730
18 457
18 171
18 430
18 530
18 472
18 26
18 987
18 29
19 992
19 424
19 534
19 216
19 58
19 699
19 542
20 256
20 283
20 69
20 231
20 170
20 327
20 772
20 614
20 47
20 742
20 116
20 350
20 22
20 100
20 127
20 124
20 94
20 31
22 641
22 212
22 46
22 180
22 409
22 184
22 314
22 190
22 543
23 511
24 130
24 520
24 642
24 782
24 115
24 214
25 667
25 392
25 146
25 85
25 247
25 347
26 128
26 555
26 354
26 296
26 279
26 364
26 274
26 207
26 119
26 751
26 701
26 799
27 129
27 131
27 781
27 661
27 277
27 409
27 284
27 673
27 134
27 38
27 412
27 174
27 439
27 56
27 443
27 188
27 191
27 192
27 580
27 585
27 823
27 76
27 467
27 343
27 345
27 95
27 96
27 912
27 102
27 549
27 239
27 246
27 375
27 575
27 511
28 32
28 320
28 836
28 37
28 263
28 746
28 889
28 80
28 209
28 372
28 825
28 185
28 378
29 139
29 142
29 272
29 152
29 166
29 296
29 555
29 691
29 67
29 331
29 80
29 82
29 600
29 92
29 864
29 610
29 355
29 116
29 886
29 888
29 895
30 138
30 210
30 729
30 314
31 832
31 417
31 375
31 996
31 794
31 526
31 53
31 55
31 440
31 57
31 218
31 188
31 509
31 491
32 68
32 551
32 316
32 907
32 226
32 81
32 56
32 829
32 94
32 572
33 672
33 847
33 830
33 625
33 106
33 43
33 301
33 590
33 177
33 790
33 51
33 404
33 597
33 758
33 570
33 379
33 957
33 158
34 162
34 35
34 101
34 40
34 79
34 464
34 276
34 122
34 230
35 288
35 768
35 837
35 486
35 113
35 873
35 427
35 268
35 450
35 174
35 399
35 724
35 117
35 502
35 506
35 158
35 213
37 120
37 776
37 743
38 133
38 402
38 72
38 648
38 178
38 302
38 175
38 81
38 114
38 723
38 884
38 398
38 311
38 121
38 813
38 924
39 198
39 69
39 988
39 366
39 369
39 594
39 147
39 822
39 279
39 155
39 60
39 637
39 223
40 963
40 488
40 42
40 239
40 752
40 215
40 698
41 72
41 265
41 104
41 777
41 670
42 98
42 675
42 740
42 229
42 74
42 492
42 83
42 772
42 248
42 313
42 380
42 189
42 222
43 160
43 930
43 838
43 582
43 519
43 200
43 49
43 968
43 280
43 538
43 607
43 284
43 602
43 95
44 132
44 650
44 144
44 797
44 159
44 291
44 680
44 810
44 688
44 179
44 569
44 61
44 446
44 200
44 75
44 334
44 79
44 547
44 854
44 344
44 223
44 876
44 241
44 117
45 474
45 132
45 70
45 74
45 236
45 346
45 123
45 604
45 253
46 805
46 808
46 73
46 554
46 745
46 435
46 55
46 250
47 384
47 193
47 834
47 837
47 70
47 298
47 77
47 125
47 208
47 819
47 574
47 278
47 151
47 153
47 122
47 623
47 252
47 93
47 382
48 480
48 656
48 803
48 420
48 870
48 459
48 194
48 206
48 847
48 272
48 211
48 180
48 565
48 674
48 344
48 276
48 892
49 455
49 424
49 267
49 502
49 439
49 537
50 651
50 359
50 393
50 205
50 632
50 697
52 82
52 118
53 865
53 451
53 133
53 295
53 238
53 400
53 84
53 494
53 87
53 760
53 316
55 361
55 300
55 113
55 924
56 290
56 611
56 548
56 721
56 76
56 170
56 363
56 172
56 657
56 533
56 246
56 855
56 785
56 285
56 661
57 386
57 518
57 140
57 151
57 537
57 156
57 295
57 815
57 438
57 183
57 575
57 577
57 343
57 989
57 224
57 866
57 234
57 885
57 505
57 251
57 639
58 645
58 457
58 266
58 901
58 767
59 293
59 393
59 951
59 754
59 501
59 665
59 696
59 249
59 959
59 955
59 828
59 127
60 633
60 453
60 202
60 893
60 183
60 153
60 348
60 765
60 606
60 517
61 355
61 391
61 615
61 536
61 157
62 65
62 386
62 100
62 809
62 107
62 556
62 930
62 271
62 689
62 690
62 86
62 536
62 796
62 972
63 307
63 659
63 778
64 940
64 602
65 66
65 518
65 136
65 233
65 106
65 78
65 765
65 970
65 707
65 436
65 462
65 500
65 622
66 197
66 390
66 103
66 141
66 560
66 759
67 193
67 98
67 103
67 169
67 225
67 77
67 111
67 189
67 115
67 277
67 299
67 190
68 851
69 84
70 720
70 496
70 760
70 216
70 249
70 351
71 734
71 263
71 264
71 621
71 466
71 85
71 598
71 89
71 220
71 414
71 863
72 395
72 997
72 75
72 878
72 210
72 329
73 552
73 713
73 522
73 145
73 859
74 257
74 514
75 710
75 745
75 919
75 885
75 87
75 730
76 161
76 977
76 195
76 325
76 358
76 647
76 394
76 747
76 397
76 366
76 721
76 703
76 405
76 793
76 221
76 319
77 376
77 310
77 182
78 451
78 929
78 425
78 374
78 123
78 380
78 381
79 515
79 101
79 102
79 392
79 268
79 367
79 88
79 671
79 357
80 167
80 396
80 337
80 187
81 647
81 872
81 493
81 109
81 887
81 349
82 601
84 128
84 137
84 110
84 143
84 688
86 580
86 319
86 835
86 148
86 539
86 543
87 194
87 658
88 897
88 771
88 775
88 201
88 957
88 215
88 157
89 944
89 362
89 527
90 707
90 237
91 513
91 739
92 493
92 494
92 589
92 150
92 473
92 281
93 225
93 422
93 177
93 533
93 542
93 479
94 723
94 931
95 384
95 448
95 561
95 159
96 168
96 234
96 857
96 906
97 449
97 228
97 806
97 198
97 459
97 303
97 756
97 503
97 966
97 222
98 834
100 176
101 165
102 196
102 912
102 788
102 890
103 335
103 564
103 119
103 282
103 111
103 540
104 716
104 474
104 999
105 512
105 199
105 553
105 588
105 858
106 864
106 260
106 620
106 266
106 780
107 373
109 995
109 231
109 233
109 203
109 660
109 700
109 991
110 461
110 175
110 501
110 286
110 821
111 732
112 248
112 634
112 963
113 334
114 224
114 812
114 437
114 280
115 736
115 212
115 565
116 553
117 130
117 741
117 134
117 903
117 973
117 400
117 434
117 340
117 150
117 444
118 338
118 211
118 483
120 242
121 784
123 706
123 923
123 264
123 874
123 290
123 603
124 992
124 898
124 777
124 682
124 727
124 442
125 323
125 549
125 326
125 458
125 835
125 817
125 275
125 469
125 983
125 217
125 154
125 826
125 849
126 289
126 705
126 746
126 460
126 261
127 255
128 816
128 387
128 324
128 356
128 208
128 242
128 308
128 571
128 826
129 160
129 345
129 696
130 845
132 220
132 500
133 994
133 587
133 573
135 321
135 672
137 381
139 616
139 814
139 152
139 895
140 572
142 446
143 848
143 566
144 440
145 762
145 232
145 342
147 258
147 265
147 354
147 433
148 867
148 871
148 848
148 497
148 702
151 300
151 357
152 315
152 827
152 719
154 695
155 305
155 874
156 789
157 352
157 323
157 292
157 441
158 743
158 951
158 250
158 954
159 204
159 627
159 679
160 744
161 256
161 897
161 162
161 967
161 682
161 546
161 719
161 873
161 184
162 678
163 636
163 363
163 940
163 173
163 749
163 976
163 476
164 312
166 418
166 947
166 413
167 332
167 582
167 303
168 795
168 197
170 368
170 585
171 773
171 301
171 855
171 221
172 675
173 389
173 297
173 269
173 181
173 632
173 606
173 255
174 482
174 302
174 178
174 595
174 643
174 597
174 671
175 713
175 804
176 921
176 530
176 229
177 311
177 415
177 237
179 368
179 961
180 768
180 694
180 655
181 489
181 666
183 419
183 918
184 932
184 645
184 761
186 232
187 634
189 624
189 716
189 911
190 813
191 449
191 259
191 226
191 593
192 800
192 619
192 528
192 274
192 725
192 350
193 920
193 571
194 452
194 430
194 628
194 245
194 788
194 853
195 481
195 607
195 213
196 507
196 432
196 663
196 443
197 480
197 487
197 937
197 431
197 347
198 388
198 261
198 455
198 521
198 807
198 629
199 644
199 583
199 204
199 692
201 608
201 322
201 644
201 677
201 618
201 364
202 305
202 521
203 484
204 433
204 428
204 461
205 339
205 317
205 563
206 706
206 324
206 243
206 503
208 898
208 287
208 900
210 289
210 916
210 669
210 478
211 595
211 981
214 584
214 236
216 969
216 939
217 473
218 262
218 982
218 605
218 383
221 510
223 576
223 561
223 341
225 976
225 945
225 591
228 902
228 328
228 365
228 336
230 872
230 714
231 640
232 432
232 541
233 411
233 558
234 839
234 769
235 967
235 304
235 567
235 570
235 732
237 617
238 404
239 260
239 714
239 846
239 477
240 275
241 429
241 382
241 741
242 348
242 953
244 353
244 598
245 631
246 416
246 448
246 423
247 403
248 525
248 294
248 557
249 497
250 352
250 512
251 791
253 613
254 949
255 576
255 257
255 742
255 683
257 416
257 994
257 310
257 603
257 810
258 931
258 338
258 309
259 421
259 711
259 267
259 286
259 415
260 902
260 782
260 362
260 563
260 596
260 727
260 787
260 477
261 560
261 569
263 484
263 932
263 508
263 495
263 529
263 852
263 793
263 763
263 862
265 915
266 871
267 413
268 426
268 516
269 917
272 410
273 456
276 304
276 519
276 467
276 372
276 666
276 475
276 412
278 371
278 291
278 545
279 514
279 294
279 690
279 367
279 306
279 950
279 407
280 360
280 492
280 878
281 755
281 373
283 881
285 321
285 298
286 674
286 358
286 391
287 875
287 934
289 544
289 552
290 665
290 818
290 849
293 479
295 353
295 454
295 299
295 460
295 306
297 776
297 333
298 329
298 394
298 818
298 948
298 662
300 670
301 562
301 651
301 309
302 592
302 371
302 663
302 346
303 905
303 652
304 428
304 387
304 341
306 556
306 406
307 596
307 589
307 438
309 676
309 351
313 853
313 966
315 318
316 618
316 623
317 586
318 861
319 907
319 524
319 376
319 798
322 509
324 694
325 333
326 648
328 611
328 681
328 436
328 905
328 820
328 925
328 735
329 722
329 943
330 920
330 463
330 476
332 471
335 785
335 846
335 470
336 824
336 437
337 991
338 654
338 389
338 615
341 568
343 664
343 786
343 939
344 866
345 577
345 551
345 529
346 360
347 927
348 820
348 979
349 452
349 402
349 478
350 396
352 487
352 750
352 434
354 787
354 562
354 981
355 390
355 498
355 755
355 664
356 617
356 650
356 750
356 568
356 860
356 767
359 798
359 405
360 435
360 420
360 959
362 489
362 377
362 442
362 990
363 544
363 806
363 717
363 631
366 968
366 463
368 599
369 642
370 401
370 540
371 491
371 581
371 499
373 869
373 377
374 704
374 447
375 504
375 704
375 686
376 718
377 919
378 678
379 944
379 579
380 802
380 702
380 942
383 934
383 614
384 638
384 398
385 599
386 475
388 468
394 751
394 583
395 469
396 417
396 916
396 558
397 410
400 418
400 938
400 811
400 749
401 408
402 909
403 550
405 541
406 875
406 586
406 922
408 999
409 792
409 998
411 520
413 524
414 867
416 771
417 532
417 986
419 708
419 453
419 712
419 590
419 731
421 450
421 708
421 609
421 700
424 626
424 876
424 525
425 465
426 973
430 827
430 462
430 535
431 456
431 464
432 584
432 880
433 781
437 574
439 482
439 956
439 470
444 687
446 764
446 738
447 990
447 809
448 679
450 486
452 481
454 635
455 868
456 738
456 969
456 715
456 685
457 960
457 892
457 925
460 636
461 545
461 780
461 612
462 891
463 504
464 825
465 737
467 928
467 625
467 724
468 534
468 653
475 811
478 627
478 703
480 667
481 845
483 857
485 722
485 676
485 693
486 621
486 975
493 802
493 763
496 601
496 531
497 528
497 513
502 613
502 639
506 956
506 628
507 566
508 823
509 779
510 591
512 899
514 914
515 626
515 822
516 684
518 527
518 896
518 523
520 783
521 649
525 770
525 896
526 604
528 960
528 766
528 863
529 739
529 609
529 726
531 731
531 964
532 705
534 668
535 928
535 593
537 587
538 938
546 737
546 718
547 773
547 816
547 913
547 600
548 735
550 952
550 740
551 790
551 630
551 799
553 984
557 947
557 695
563 805
564 641
564 954
566 685
568 933
568 646
568 879
569 770
571 578
572 841
575 883
577 637
580 720
581 913
583 988
584 974
584 701
585 681
589 657
591 829
592 800
592 791
593 858
596 744
597 620
597 937
601 660
603 908
604 754
605 904
607 945
607 894
607 691
610 752
611 910
612 801
612 635
612 861
613 887
614 952
614 761
617 697
618 840
618 622
619 814
620 764
621 911
621 909
628 728
628 692
629 841
634 789
635 774
639 856
639 699
648 662
650 783
655 803
656 784
659 894
661 877
662 979
665 869
667 984
668 709
674 817
680 687
681 985
683 915
683 941
685 733
690 747
693 961
693 842
695 734
699 759
703 709
704 921
705 862
706 870
712 753
717 725
719 926
724 833
730 927
731 748
736 843
736 958
741 975
742 840
744 838
745 856
746 986
751 886
751 854
752 882
754 922
765 852
765 804
779 962
784 821
785 936
785 893
786 908
789 879
790 808
790 942
791 946
804 901
805 833
815 831
815 929
817 824
817 832
825 946
832 883
837 971
840 970
848 888
848 993
848 998
856 941
859 877
859 865
860 974
861 936
864 935
867 917
886 955
904 918
905 923
912 950
942 953
945 983
