301 694
146 761
219 469
682 967
257 935
578 660
525 871
682 854
48 618
610 660
208 864
338 947
34 548
317 435
70 661
622 934
243 791
35 719
201 731
14 367
409 439
374 473
199 742
494 998
64 107
322 815
382 839
126 328
258 484
80 916
245 326
728 800
196 286
129 323
112 517
34 448
107 762
291 499
239 265
157 786
358 393
107 651
137 554
343 715
664 789
133 702
50 696
146 571
600 854
604 870
354 681
411 594
46 807
462 599
411 707
371 539
337 735
311 987
493 869
799 951
433 762
161 587
127 480
153 715
647 815
248 711
494 672
110 582
883 924
499 532
407 793
361 539
72 578
568 583
274 942
426 985
23 233
10 664
605 768
58 652
24 532
336 998
693 822
306 494
236 627
366 582
168 467
139 210
115 243
172 410
512 519
146 893
698 830
497 535
188 748
29 720
24 464
233 958
197 539
436 837
208 236
64 832
714 904
441 922
582 785
342 490
458 767
385 675
428 519
195 276
125 587
174 733
263 727
13 512
38 221
43 873
695 865
42 163
27 285
549 769
437 819
304 740
883 888
370 925
136 657
65 285
291 847
615 742
690 989
40 476
224 297
575 800
568 978
254 469
746 885
457 774
706 851
505 530
380 650
362 909
183 233
131 594
82 508
301 798
563 631
15 976
254 774
6 253
431 768
293 879
440 685
572 622
314 330
107 881
272 714
534 662
630 955
6 31
530 556
129 529
151 724
794 869
359 849
87 294
587 643
506 631
717 828
131 425
85 178
434 846
579 948
80 440
393 503
490 565
237 296
75 213
207 496
84 365
14 400
58 768
496 509
446 991
359 362
197 347
288 489
348 729
757 819
31 964
404 567
23 160
496 554
44 480
46 114
253 950
71 741
82 190
106 179
797 960
104 553
7 35
287 819
867 969
475 928
292 682
721 840
556 747
33 462
569 748
290 471
54 356
21 357
703 857
46 776
177 623
18 429
281 697
218 228
290 697
511 526
743 979
104 274
490 887
100 806
415 965
678 981
61 973
562 626
680 761
588 930
278 438
602 706
30 875
624 918
347 997
727 861
545 610
316 451
585 926
273 496
827 969
560 716
5 969
701 833
79 93
103 107
231 950
17 265
844 847
410 552
141 539
550 953
166 950
270 860
607 713
261 615
297 950
105 125
231 719
10 136
147 350
130 766
506 605
397 986
458 728
264 785
621 693
358 933
108 520
8 485
557 972
29 450
35 797
579 908
249 369
74 387
815 989
193 348
443 782
175 191
69 344
72 756
14 763
403 832
698 763
187 370
260 750
153 539
171 934
119 917
158 819
239 300
386 422
853 892
358 426
343 450
439 943
340 784
270 683
402 547
264 576
146 540
150 640
367 799
337 792
734 825
471 717
316 754
209 358
363 681
61 674
76 321
798 857
213 487
454 915
327 419
62 212
104 362
420 918
296 412
84 475
329 468
151 887
227 501
583 912
326 507
329 421
95 202
117 270
619 964
519 993
66 388
61 215
486 844
148 717
331 625
727 939
774 792
675 677
70 297
54 674
370 719
373 488
100 222
214 804
317 560
36 248
125 456
487 673
340 965
551 701
713 865
298 549
760 904
268 371
488 843
569 614
314 331
355 573
137 754
85 652
233 921
380 984
6 28
587 983
487 869
275 461
777 819
195 675
177 979
453 934
57 133
223 272
544 625
360 818
43 967
338 973
320 576
618 945
273 830
167 478
373 709
122 839
333 899
410 732
511 984
52 716
771 939
514 524
143 932
504 840
308 916
22 142
4 93
33 784
88 421
771 818
478 826
172 317
300 778
11 889
233 313
457 801
44 263
422 908
395 452
241 576
171 285
356 533
478 992
350 732
777 990
480 970
544 959
67 250
105 307
219 471
5 176
511 971
600 922
655 778
252 405
316 698
43 914
7 631
319 801
267 714
109 397
20 386
333 581
320 428
194 397
255 564
352 893
61 859
285 915
471 840
9 881
860 920
75 240
117 341
62 462
212 447
2 397
240 896
113 406
135 747
619 908
731 794
770 902
740 964
525 613
679 683
16 289
233 507
395 804
417 748
721 847
407 725
157 738
158 581
303 548
158 724
306 603
179 667
382 438
239 267
157 516
241 659
577 798
542 792
458 999
638 816
397 840
147 353
573 955
372 723
32 286
198 655
96 661
47 990
531 933
451 665
539 638
173 980
229 552
415 811
15 237
700 939
848 894
347 802
41 499
66 838
360 695
247 954
69 438
144 787
17 27
184 628
154 340
343 808
421 730
387 454
154 455
447 862
71 398
46 56
233 471
505 651
261 696
115 245
354 413
719 791
850 930
107 919
241 409
958 964
138 201
548 572
276 863
655 989
15 434
367 911
151 690
39 409
172 766
169 768
208 810
566 581
545 862
416 790
181 538
549 783
161 966
326 504
432 909
244 529
62 390
678 915
240 363
494 813
131 920
226 262
64 85
145 756
24 963
98 703
266 915
529 799
92 385
366 608
144 330
613 979
137 535
533 895
129 171
167 695
573 656
493 744
529 714
847 937
110 327
223 748
216 854
267 882
161 235
237 960
55 755
738 819
665 724
212 881
347 430
747 961
52 137
113 941
574 818
60 263
62 102
604 765
511 741
463 582
393 501
787 805
437 996
408 962
674 689
610 819
408 881
196 940
40 156
404 741
52 661
321 661
16 421
568 658
418 521
537 581
676 760
701 970
390 611
670 991
879 883
157 797
482 832
145 609
321 828
370 752
11 888
598 796
590 668
149 986
392 865
606 650
241 758
305 325
201 436
241 583
405 802
530 989
328 817
113 525
129 800
186 435
764 996
18 763
4 603
388 954
246 914
248 509
129 962
266 301
142 888
73 829
51 446
200 696
310 685
43 802
88 697
169 856
438 942
333 981
709 862
535 566
80 444
152 985
155 394
178 873
235 856
26 405
140 429
311 436
132 380
649 945
265 952
107 179
456 712
519 913
136 570
892 895
353 945
939 982
488 712
693 832
824 913
201 374
270 436
81 984
120 130
125 399
487 744
291 325
128 566
427 914
140 565
314 499
315 918
113 121
856 862
105 447
513 832
150 951
372 835
582 970
5 437
511 701
556 576
618 793
130 569
499 842
481 747
252 638
613 866
89 271
109 948
313 855
718 845
365 731
97 133
524 702
602 966
288 642
737 853
46 364
598 725
141 428
457 879
810 813
7 327
746 943
283 935
358 473
7 101
708 729
772 875
241 527
439 990
232 342
0 76
241 408
383 813
704 740
462 660
444 935
208 444
600 821
107 807
842 862
592 645
475 795
96 596
133 945
6 449
100 420
8 677
212 973
583 590
837 874
414 565
215 699
74 573
521 695
490 845
591 957
705 998
627 885
35 827
142 253
329 474
40 786
101 951
562 651
16 681
16 299
382 928
165 902
350 386
170 556
100 685
528 662
566 902
631 676
784 959
434 888
143 864
59 365
317 557
220 856
348 757
192 441
426 730
229 279
121 502
150 669
50 541
731 877
426 508
492 709
716 973
355 672
586 669
414 887
197 653
113 834
475 871
556 964
262 827
30 295
105 631
75 283
367 531
142 959
289 473
627 647
290 997
18 923
147 709
904 968
231 459
36 715
5 560
83 688
75 629
878 961
597 935
934 966
205 974
792 987
210 868
157 875
602 958
2 120
131 772
25 265
45 950
706 912
606 873
771 820
679 999
7 382
84 659
250 647
732 775
793 957
232 609
771 978
392 753
103 439
287 828
271 603
163 866
55 304
59 821
634 963
564 798
358 707
396 996
711 814
432 976
337 565
219 440
954 957
159 809
337 981
328 528
360 850
414 994
276 903
285 847
200 697
510 986
100 850
786 839
329 688
91 561
75 404
9 998
48 844
855 947
583 650
207 544
282 905
341 426
89 385
588 989
381 953
351 769
602 705
153 525
917 979
6 627
585 876
165 688
519 545
384 388
221 539
283 986
824 914
144 260
326 540
457 963
335 998
928 944
410 459
31 505
625 974
208 486
767 944
56 602
269 659
8 989
360 432
196 222
58 155
83 525
621 912
547 885
90 232
294 470
462 552
247 338
432 587
57 82
350 585
365 476
267 667
290 587
441 717
605 975
56 500
80 266
216 250
99 135
106 681
142 145
408 827
9 764
30 842
348 749
386 974
297 313
304 587
286 847
944 955
459 557
697 809
79 909
63 144
123 857
71 537
827 839
98 665
413 634
711 804
202 683
404 867
84 715
214 654
204 269
81 827
214 761
111 867
508 996
380 832
9 384
279 880
237 986
405 970
9 273
270 456
203 551
384 859
829 871
663 863
458 763
134 282
125 583
373 637
18 146
262 521
252 701
330 787
669 834
433 538
330 866
522 612
174 723
605 757
304 405
362 418
182 729
53 719
438 998
131 922
39 829
580 843
796 920
417 825
788 792
576 833
728 877
363 703
89 949
3 357
267 341
283 898
219 768
491 551
132 905
301 794
45 277
413 785
180 524
76 621
65 708
46 897
87 111
483 931
704 705
290 318
509 682
829 907
315 977
262 824
808 922
591 717
432 738
424 728
441 660
94 405
4 933
591 995
78 722
29 278
105 656
208 679
959 988
79 137
353 495
161 992
623 656
22 931
9 564
117 400
727 987
72 527
294 614
390 609
27 825
232 821
139 419
10 604
282 409
129 378
205 559
603 996
12 83
611 645
797 988
399 608
185 940
392 754
279 730
551 674
73 743
11 169
289 975
699 772
558 697
600 895
12 676
298 969
195 323
733 735
262 695
48 623
414 626
734 903
437 691
220 805
61 743
172 704
543 979
226 316
108 710
143 449
739 892
522 685
144 923
290 889
848 947
136 335
339 840
718 964
353 356
407 899
65 296
162 834
588 700
706 723
63 891
737 847
24 910
741 783
323 634
330 382
505 748
203 291
63 757
444 601
317 709
586 798
427 758
928 945
746 984
327 849
438 490
470 955
551 582
242 826
759 995
225 584
581 827
233 965
825 918
551 932
932 954
32 61
156 259
378 415
346 945
705 766
303 333
215 657
471 523
185 358
632 697
88 663
855 993
415 788
413 479
494 570
27 165
429 521
748 873
101 683
256 900
9 588
343 805
314 541
649 703
316 483
546 960
126 286
1 605
187 443
80 998
64 507
589 879
805 818
452 897
727 829
559 756
27 527
68 177
50 996
698 840
497 697
119 774
219 852
291 355
607 809
45 304
140 580
224 829
677 976
480 518
725 964
48 378
271 944
4 541
665 765
189 519
820 927
638 674
129 520
99 742
621 661
705 730
427 444
695 719
75 462
205 745
97 650
252 702
255 713
367 735
579 991
708 761
657 889
97 596
98 135
647 782
251 495
97 965
260 793
392 895
762 977
566 789
283 345
585 969
692 939
141 155
483 837
321 575
253 572
571 901
10 697
266 527
339 489
129 285
300 802
227 770
374 599
710 989
289 599
344 742
900 909
196 482
289 704
518 984
153 433
380 758
328 905
1 101
555 570
206 942
43 413
102 847
231 553
453 767
13 824
29 800
38 566
595 939
864 920
149 488
385 642
104 172
30 692
177 800
894 951
8 466
134 406
170 458
557 718
79 758
657 980
515 562
19 291
282 947
259 629
290 850
174 748
52 712
830 831
40 240
536 661
5 574
227 354
265 897
507 722
221 320
3 21
174 974
399 943
519 942
503 823
141 272
288 716
416 759
653 889
404 949
177 542
33 901
399 611
370 465
390 418
466 828
177 311
56 576
760 936
444 779
332 996
320 996
634 816
472 735
34 122
781 954
734 874
552 882
124 504
553 948
105 279
260 489
144 766
164 753
666 799
756 775
298 379
299 718
359 598
108 342
613 747
126 694
329 400
694 834
39 529
83 737
545 690
288 522
67 834
570 881
412 939
131 981
3 314
218 921
153 222
567 823
701 717
192 353
236 916
112 650
67 670
819 988
402 568
37 807
132 721
768 969
72 454
815 941
724 726
299 359
237 901
204 338
150 872
68 673
128 374
26 897
734 977
570 798
411 886
52 76
143 439
95 942
800 902
179 323
18 63
330 765
186 889
69 656
490 999
68 328
244 650
657 813
394 989
288 328
661 889
395 521
36 781
352 746
518 941
98 450
528 685
322 666
36 924
170 966
447 858
193 623
53 907
12 116
196 745
88 498
129 304
629 852
91 307
580 631
196 376
343 763
559 759
316 616
270 829
387 966
387 791
300 492
102 928
34 192
96 128
388 607
736 940
67 408
93 596
40 883
587 814
396 520
777 794
6 452
781 962
234 685
200 533
458 761
350 555
462 949
229 918
865 930
540 670
189 488
173 931
218 328
574 997
333 521
85 152
218 507
229 729
251 369
787 890
9 542
718 829
260 937
619 840
101 662
308 812
746 748
451 520
92 494
148 552
258 440
286 474
325 368
80 701
422 778
45 113
140 779
289 711
205 363
756 897
559 632
85 949
401 708
211 599
267 793
50 747
94 972
668 875
91 165
501 771
220 654
411 611
414 890
552 919
591 606
150 784
209 308
462 614
66 343
211 802
506 670
267 596
159 706
255 825
346 967
347 418
354 474
270 398
40 693
613 788
100 185
411 830
48 980
71 121
43 728
94 181
579 587
674 717
605 727
787 918
531 945
778 895
528 614
657 764
718 793
558 966
365 832
32 996
533 652
680 944
257 897
404 592
22 131
637 968
451 599
151 346
192 361
166 829
136 864
90 735
167 625
594 799
237 749
572 810
8 853
297 860
400 595
419 497
6 211
867 975
121 753
306 869
279 954
581 726
30 100
219 445
0 166
682 974
816 824
638 763
744 953
428 852
583 672
352 882
299 705
817 908
51 160
456 816
207 729
199 953
442 734
459 788
408 802
32 802
71 131
631 843
106 594
896 934
3 112
41 197
213 591
866 939
633 908
121 224
283 689
451 563
343 609
81 562
193 684
303 547
384 391
357 790
368 484
28 905
603 627
119 685
124 709
90 981
29 886
51 802
214 434
129 768
685 779
104 952
33 492
441 903
87 134
234 694
328 527
223 454
177 798
192 553
505 862
34 720
539 629
454 824
665 803
743 834
122 888
160 405
174 698
360 700
148 977
813 929
554 886
62 495
869 997
433 477
255 410
308 986
348 671
154 448
801 879
662 808
774 822
205 612
131 833
25 454
137 796
62 811
249 800
161 848
353 834
128 888
595 914
274 721
258 614
254 892
685 990
45 447
410 716
211 920
730 848
215 849
698 716
164 852
238 780
591 776
43 878
823 921
4 83
389 903
127 397
18 947
334 873
583 910
252 910
239 948
169 438
834 879
670 714
503 527
452 547
770 984
791 946
170 552
683 730
443 913
10 724
196 703
182 510
257 981
102 729
59 222
794 880
228 767
73 494
119 887
586 852
854 889
638 915
703 733
509 822
211 948
16 710
155 633
156 470
215 885
293 731
171 243
501 664
119 217
33 246
751 788
613 787
463 732
544 742
133 196
456 789
181 712
591 925
433 571
143 652
183 608
304 647
142 511
348 720
97 848
533 806
199 651
992 995
139 420
452 805
288 718
352 497
603 840
140 970
326 933
202 671
452 987
474 575
323 846
241 745
58 417
281 326
28 981
488 798
107 564
96 247
8 805
10 159
285 440
272 813
592 690
381 384
99 723
480 959
8 353
191 272
56 109
535 879
94 485
522 886
19 208
190 939
35 870
540 997
373 852
100 956
607 939
14 452
79 742
636 973
486 556
58 815
352 704
134 956
14 742
236 466
109 604
182 567
277 481
205 639
81 561
693 986
205 720
101 399
482 643
488 604
335 994
802 981
153 367
82 447
301 863
612 627
7 141
46 589
638 939
72 456
183 460
371 852
7 802
444 920
290 498
538 540
146 662
554 945
273 734
186 549
35 919
313 414
103 771
282 727
228 271
433 865
56 504
613 700
89 112
330 842
43 547
259 475
5 739
308 564
19 571
579 659
359 427
438 542
224 406
296 995
202 501
524 778
392 960
101 594
62 808
12 197
325 410
533 933
280 821
140 865
261 563
120 163
193 937
201 486
590 840
516 875
7 96
121 575
620 679
234 393
135 333
86 773
125 865
496 940
66 369
64 672
195 284
234 826
454 635
630 736
652 962
544 731
462 810
632 707
212 680
88 886
605 815
308 379
22 697
593 659
100 997
48 776
35 830
826 875
23 321
722 968
139 844
657 783
624 838
511 946
575 741
193 303
178 189
162 790
240 974
320 479
141 152
130 427
866 993
157 898
641 989
179 906
117 218
598 667
500 588
249 632
111 685
166 870
62 350
659 783
658 710
606 656
16 906
150 581
82 391
140 619
100 359
392 568
161 237
422 724
479 909
445 557
138 870
329 957
517 826
228 481
761 787
30 714
513 572
0 617
312 939
5 392
320 502
428 769
490 938
145 253
329 616
507 618
152 963
302 437
549 860
259 386
622 749
238 762
494 864
352 660
266 716
818 913
88 142
992 996
644 789
1 410
260 685
67 905
620 811
567 812
34 437
171 628
45 83
16 871
814 857
193 913
271 678
54 82
382 383
776 944
63 768
180 748
552 599
57 351
457 661
59 697
564 650
289 956
308 930
314 473
411 577
211 851
820 931
436 948
371 665
53 173
574 833
582 992
87 450
38 130
427 505
263 791
317 458
155 275
356 432
843 910
726 985
593 628
327 871
653 786
964 981
415 739
199 840
425 795
224 378
131 982
96 367
870 993
33 836
182 423
184 812
101 573
62 781
357 899
322 966
732 881
589 728
771 791
245 766
67 754
124 993
497 657
461 822
99 818
937 954
516 775
478 910
906 999
85 732
581 807
360 437
508 534
358 627
129 951
82 625
489 625
327 657
63 107
530 620
696 892
556 792
562 861
316 964
90 297
18 58
246 444
49 848
329 544
535 592
278 507
226 936
429 517
817 833
627 864
195 780
1 695
4 302
467 523
417 935
365 725
295 898
575 934
126 258
179 990
737 984
210 952
192 339
89 973
413 998
440 956
24 315
46 433
188 630
525 657
133 520
320 944
82 307
217 552
402 682
534 643
538 718
651 818
837 963
424 453
191 218
248 927
100 128
202 998
420 527
229 629
218 454
113 624
60 485
304 959
356 584
269 367
294 770
304 782
675 785
826 987
210 600
417 978
339 892
443 802
247 516
331 617
499 763
316 387
10 722
491 879
115 523
83 105
413 680
6 569
135 725
10 564
136 717
58 280
520 557
85 961
457 926
439 794
427 818
375 664
149 161
595 849
7 71
500 651
90 907
21 487
595 830
501 979
217 516
107 872
110 313
818 911
337 995
781 914
764 846
105 351
270 425
233 771
296 984
156 327
397 619
21 923
522 848
290 908
99 484
429 683
104 334
268 623
511 883
229 762
330 899
536 618
459 877
389 522
274 698
83 694
382 966
183 659
589 977
101 695
286 539
602 952
396 463
70 242
352 499
102 291
33 808
286 426
508 526
97 417
478 742
962 999
28 817
659 957
641 730
188 591
564 966
637 664
125 484
440 628
759 869
175 800
150 614
819 885
242 866
349 926
388 530
119 488
216 825
234 462
55 556
255 583
146 751
38 929
556 934
696 865
15 499
642 667
403 405
223 380
104 140
268 813
53 221
751 810
540 705
9 927
678 883
87 547
259 336
408 950
536 859
485 868
117 349
9 714
753 877
257 704
631 836
345 804
348 694
303 718
165 809
279 305
248 369
693 951
314 868
465 656
527 716
771 790
482 641
232 564
325 550
129 458
44 227
119 825
210 247
577 924
546 637
374 770
759 841
775 996
579 940
287 798
592 626
171 369
106 326
828 897
99 531
172 861
854 957
318 450
530 730
846 852
838 951
360 882
108 656
511 725
133 137
239 251
14 132
441 576
540 852
373 645
514 827
624 860
515 671
252 947
518 534
282 870
818 884
394 936
201 846
460 729
501 557
284 615
46 209
473 659
844 902
175 420
35 209
403 982
46 435
558 910
824 965
400 865
457 784
353 839
266 886
598 863
750 822
470 883
167 570
390 479
512 529
529 597
491 718
555 725
721 749
819 828
177 716
569 706
607 970
81 104
355 665
159 581
306 955
538 638
651 821
525 852
462 953
636 779
293 693
739 989
761 885
189 484
8 394
209 639
181 753
43 752
336 872
532 596
666 962
170 757
136 445
161 990
348 600
352 539
425 961
123 684
72 650
365 551
39 938
455 570
683 735
85 436
112 409
575 810
580 704
91 667
219 632
435 679
667 784
413 600
710 982
470 683
16 238
325 380
771 878
783 991
291 437
220 501
137 543
814 835
374 842
901 965
578 882
392 724
11 131
759 934
760 768
67 120
141 909
0 47
419 567
105 350
233 785
115 277
355 770
128 306
609 975
501 613
722 761
543 985
350 805
276 712
265 345
468 816
605 817
368 452
96 947
618 856
895 984
700 730
114 555
951 971
493 581
22 354
253 761
19 629
170 523
447 777
193 442
66 680
175 382
141 186
179 891
662 868
153 852
210 863
117 188
620 805
236 542
75 664
115 919
615 994
33 920
325 336
555 895
775 882
153 487
162 367
577 920
121 627
466 825
92 131
77 209
24 483
656 664
551 553
293 777
475 954
324 333
487 819
57 462
703 835
169 533
367 862
9 188
786 924
151 754
310 677
138 634
15 144
74 636
613 645
118 365
523 613
345 815
511 790
622 796
127 326
325 879
226 228
120 607
552 583
679 717
60 99
67 841
49 758
311 338
611 888
558 849
127 242
301 408
555 957
505 758
554 683
171 965
676 922
269 604
719 996
296 582
767 808
383 979
775 999
318 534
505 833
287 793
735 805
67 419
107 930
186 351
208 251
45 488
376 577
472 640
96 576
99 611
119 380
185 398
77 936
341 787
324 583
226 725
243 561
124 244
576 754
341 486
622 841
437 947
406 674
395 703
35 660
80 559
584 879
299 860
1 550
454 504
292 483
260 577
248 287
47 379
283 657
491 786
345 933
128 973
75 672
373 395
474 754
124 630
6 780
555 613
759 989
574 831
424 880
564 588
581 682
423 977
815 829
281 718
60 786
843 887
6 518
432 765
630 743
489 909
187 782
5 401
372 990
471 922
420 920
938 989
332 380
812 950
14 16
92 816
74 263
45 535
714 838
532 683
305 827
41 769
336 406
178 410
71 613
58 708
117 167
300 905
232 879
179 572
455 859
650 915
706 823
11 855
103 165
262 356
361 431
276 448
509 976
918 994
547 980
440 696
105 204
307 648
155 400
76 507
332 845
375 809
553 817
146 649
163 573
387 773
358 904
694 854
552 811
16 980
350 520
165 413
419 997
674 885
14 210
790 883
131 402
441 526
632 759
49 781
583 840
53 409
248 667
49 926
329 510
260 852
833 850
274 696
101 979
160 377
82 294
144 798
209 950
109 628
917 967
130 283
576 887
60 88
351 971
46 159
115 632
151 480
249 898
835 903
175 494
148 602
524 973
749 966
474 904
475 497
550 904
366 517
649 974
802 828
654 773
646 885
82 358
271 833
629 709
267 998
87 249
842 926
147 188
42 298
484 923
583 633
656 982
307 898
199 368
4 866
468 631
678 742
221 841
312 987
83 792
639 823
273 784
911 981
131 287
584 997
57 619
869 972
446 535
503 578
274 668
524 572
908 931
213 985
67 840
126 485
495 560
213 718
83 434
249 926
379 987
749 962
111 512
628 670
597 677
400 775
63 754
28 791
172 566
564 788
318 900
270 811
606 623
662 934
755 928
239 243
42 605
815 939
154 766
910 917
377 772
85 571
358 961
34 779
26 907
66 408
621 682
678 691
130 893
8 257
192 558
246 657
280 810
441 725
838 964
91 533
38 60
60 476
369 804
86 411
348 630
75 150
464 911
143 625
403 988
446 898
658 794
112 224
45 167
63 479
76 957
455 886
3 369
318 838
836 903
340 726
435 762
370 561
107 722
400 754
166 969
120 167
301 814
374 876
280 995
572 751
461 936
45 297
50 705
410 713
125 140
16 576
742 869
530 685
56 860
219 504
385 526
59 595
243 494
604 973
367 913
43 71
116 663
526 560
458 626
630 740
7 689
29 153
5 645
705 844
557 739
373 758
100 786
347 747
61 921
83 577
389 898
191 686
769 876
848 995
305 600
151 249
191 744
13 248
473 979
41 247
614 756
53 888
374 506
443 916
88 293
131 787
32 700
749 993
400 816
22 475
83 219
235 500
58 295
284 805
750 976
783 985
223 816
489 498
719 844
150 601
300 462
388 569
300 349
876 936
91 96
885 887
95 552
685 846
155 975
506 553
56 888
256 330
556 957
195 367
315 838
240 467
384 605
385 528
155 666
790 880
5 500
192 645
389 853
14 66
83 605
540 569
13 826
860 911
105 491
293 561
9 723
307 402
588 769
437 795
556 889
264 511
290 687
14 271
236 491
351 970
226 288
465 536
608 712
143 847
278 994
541 808
233 405
344 602
275 856
659 958
177 479
141 636
737 800
132 853
11 80
214 569
426 473
250 977
225 661
155 826
194 988
659 903
270 392
734 877
544 569
708 868
80 249
212 526
493 995
60 586
490 891
921 931
705 820
338 823
134 516
193 201
585 735
53 621
22 980
209 871
302 324
31 654
658 823
566 980
844 925
79 944
135 898
488 675
801 822
23 841
875 974
567 780
236 636
297 640
88 794
421 879
150 295
889 975
750 904
436 592
335 926
806 825
261 269
251 689
56 833
262 873
102 616
777 880
544 581
195 295
540 689
446 500
88 752
570 904
212 657
660 761
556 570
27 268
268 562
179 505
19 352
653 673
106 670
87 689
736 889
260 785
661 898
120 526
235 993
644 971
649 987
18 770
473 615
593 886
232 998
247 685
264 505
351 659
546 843
455 881
875 938
309 512
326 998
165 556
335 860
158 831
148 369
581 997
73 726
24 430
152 227
525 962
34 219
293 304
436 731
823 985
366 796
423 495
65 759
10 80
272 731
99 560
168 964
36 911
102 645
96 622
527 969
200 540
60 812
9 75
85 304
89 181
87 390
666 815
152 637
652 846
86 218
39 752
604 768
632 955
308 614
75 181
347 904
79 677
153 972
300 613
619 833
88 183
18 734
554 956
723 863
597 890
22 656
230 460
214 961
384 470
314 795
331 843
656 797
317 660
684 688
278 801
71 516
159 230
287 957
399 535
538 925
101 339
28 975
512 752
327 785
629 973
102 839
401 800
483 636
110 317
336 394
372 632
20 156
189 547
685 734
655 826
163 652
38 776
95 713
171 233
394 600
381 728
94 499
212 602
64 648
105 526
397 760
548 904
330 685
613 878
69 704
144 537
53 487
221 517
442 850
632 872
97 904
709 897
240 912
619 924
50 401
896 977
14 268
199 752
140 226
418 540
19 743
176 726
31 856
788 965
127 995
239 549
518 721
136 920
637 946
253 841
254 482
45 61
478 885
617 719
559 692
56 729
148 297
211 651
362 869
236 846
406 407
303 809
237 520
681 888
600 840
500 858
510 663
385 452
368 551
186 664
152 360
65 985
87 360
656 871
553 973
609 857
478 940
209 555
235 567
216 232
342 888
99 149
688 694
286 959
588 983
312 682
78 977
528 554
70 929
199 839
2 385
544 800
100 664
503 717
714 829
532 877
455 622
338 376
128 710
473 699
124 792
288 736
224 238
353 974
67 616
176 377
58 365
222 568
79 209
340 547
2 884
693 710
56 757
755 821
348 357
153 369
33 667
203 727
275 706
479 546
451 721
384 986
68 865
357 467
142 513
219 414
6 464
281 759
517 932
303 487
12 976
53 140
42 415
613 964
686 880
363 585
273 865
184 196
60 623
402 774
289 415
454 819
200 814
165 292
412 451
535 623
916 979
131 381
173 746
231 436
580 955
31 621
147 628
454 511
735 794
338 348
357 704
247 684
124 808
176 670
533 574
404 902
192 424
72 814
287 984
349 655
466 877
380 747
439 930
133 627
867 959
29 674
600 738
285 344
129 653
572 600
135 314
620 884
6 45
15 273
407 532
260 907
129 519
539 776
42 480
61 580
543 636
142 831
130 863
111 414
77 730
7 691
450 972
5 414
412 432
17 320
29 441
765 911
200 985
188 286
97 689
623 646
61 121
726 885
348 715
161 828
2 248
274 629
298 356
603 869
70 282
427 523
192 436
288 903
590 652
59 68
386 492
23 993
118 167
249 694
370 418
211 750
298 534
474 503
349 949
281 397
68 963
760 883
691 819
211 957
489 675
384 817
642 810
164 992
327 340
761 932
65 877
119 214
324 922
221 866
584 750
70 521
218 308
687 746
191 475
201 607
454 891
271 339
95 127
117 723
468 931
507 911
291 682
130 756
527 783
69 481
325 887
455 756
139 767
782 871
98 386
247 743
218 795
153 856
597 797
321 530
344 941
589 861
127 994
149 780
187 457
353 929
136 921
158 602
326 924
679 920
479 931
732 794
495 876
577 995
470 570
626 644
98 953
617 863
214 575
949 952
362 866
242 780
335 565
340 861
760 800
10 105
224 621
578 628
46 794
638 656
87 250
694 902
129 990
229 837
639 978
329 835
82 937
19 104
57 797
65 250
722 872
263 930
32 92
347 725
61 991
545 786
360 584
736 863
58 839
277 679
294 847
247 933
166 405
167 215
153 538
122 433
46 190
322 830
344 794
697 794
220 228
140 997
434 646
448 534
269 600
400 649
224 973
11 993
215 257
145 859
167 738
380 823
586 998
833 883
581 801
267 857
54 163
318 372
270 507
665 751
747 871
91 219
552 855
116 702
293 668
539 732
55 834
344 762
613 852
431 499
549 572
618 781
843 928
347 817
61 995
378 968
299 848
304 582
18 760
19 689
115 620
88 332
16 473
79 918
575 829
88 507
249 808
68 276
70 334
111 662
165 554
149 949
166 893
736 998
357 818
28 886
107 727
400 757
957 975
102 974
16 933
254 949
148 226
621 839
57 296
664 832
492 652
186 383
34 955
219 509
212 866
690 782
402 838
846 949
425 511
371 599
834 837
337 667
138 988
264 906
234 948
218 337
660 808
43 870
92 942
134 563
748 929
9 811
178 658
532 593
599 852
26 465
343 850
109 908
144 251
609 672
31 870
788 803
83 111
344 577
455 855
3 366
407 528
67 547
249 708
232 625
340 612
73 359
77 343
466 846
505 908
676 813
145 803
276 435
544 818
707 798
711 830
595 949
561 837
565 789
158 213
200 427
223 497
445 919
319 930
91 771
642 689
81 361
327 484
648 957
133 187
652 925
834 984
666 769
208 771
230 832
127 472
274 402
189 229
669 827
123 353
161 524
588 941
130 356
135 757
463 792
231 332
169 299
408 749
207 231
740 933
637 991
122 380
213 547
390 751
319 798
288 821
71 730
6 294
814 902
129 480
478 891
500 983
487 763
940 959
510 911
236 840
850 972
48 478
544 691
391 663
280 304
392 426
397 935
26 947
122 536
677 752
146 376
328 619
38 810
445 812
284 494
38 133
411 789
263 780
364 851
56 484
717 977
921 928
191 510
653 698
1 819
753 918
313 725
227 315
532 760
221 265
636 683
348 803
107 460
111 524
166 711
608 838
292 825
765 978
427 594
10 502
28 787
488 580
505 618
343 350
720 799
244 686
5 264
181 400
112 787
521 851
335 923
621 866
654 997
850 944
102 781
547 912
405 954
68 772
307 708
453 846
310 969
186 715
224 522
119 379
601 744
509 615
26 919
225 912
47 639
17 568
200 626
88 755
216 424
238 889
262 537
523 852
165 290
222 301
744 813
247 874
105 853
515 628
143 351
0 711
8 242
249 258
787 872
330 965
683 971
95 340
14 714
283 743
711 843
118 697
783 803
171 919
210 947
55 869
746 769
289 576
508 588
202 735
121 485
141 560
101 316
819 917
336 643
487 912
237 573
681 805
306 906
707 805
391 846
823 843
125 889
932 961
43 904
466 687
53 125
151 704
120 742
543 638
419 972
403 467
264 907
144 673
18 134
4 949
433 645
273 988
373 867
433 534
848 999
244 752
207 492
952 965
627 837
524 625
670 819
303 942
508 940
731 803
925 927
361 598
490 494
314 708
135 950
550 647
75 613
278 986
36 152
590 611
542 646
300 789
616 942
140 942
7 414
158 394
12 368
37 643
279 714
1 114
55 236
81 172
79 425
137 658
54 249
516 966
25 997
9 424
542 834
859 970
419 573
882 901
101 638
192 438
224 562
329 933
281 862
700 771
594 852
630 708
99 412
591 826
139 898
515 575
683 885
152 971
545 884
1 982
184 476
333 773
134 830
585 688
623 676
73 323
494 987
35 433
788 849
61 381
230 284
636 759
199 531
831 994
939 984
10 576
227 986
214 992
106 169
120 162
516 614
318 770
282 284
323 680
430 908
418 876
231 753
343 411
707 876
31 302
180 756
54 197
918 962
190 389
103 648
402 749
690 836
74 821
276 805
621 705
453 907
185 485
776 924
160 165
471 635
20 401
942 975
436 496
312 830
583 952
326 419
588 978
412 643
532 761
628 854
465 862
835 840
2 271
365 745
112 328
723 792
488 679
286 638
469 684
168 345
44 436
379 847
123 825
417 622
440 825
676 896
767 982
58 74
63 991
29 731
802 861
440 646
298 748
103 607
168 804
544 891
345 440
56 837
413 463
271 977
203 903
837 888
743 918
299 377
384 537
96 787
463 671
543 955
289 412
290 975
62 187
268 558
43 538
382 551
409 497
451 874
571 685
688 947
175 335
452 576
1 568
218 814
58 955
730 929
145 761
2 130
249 957
488 643
13 258
970 999
707 744
121 379
7 437
68 165
380 631
279 673
488 816
215 295
487 514
0 316
681 923
110 442
155 841
281 438
466 906
168 768
389 440
132 478
371 680
204 504
96 721
604 633
165 483
381 673
610 621
576 677
96 831
83 983
304 984
613 832
593 650
134 704
429 720
490 974
182 904
346 554
493 713
386 820
633 647
355 393
692 776
576 865
350 396
558 945
161 817
131 905
593 854
633 993
580 696
616 753
299 562
219 704
373 686
482 638
469 868
236 964
519 604
373 504
512 982
417 534
310 475
410 485
396 656
492 957
1 192
112 717
48 165
410 532
295 371
443 452
135 394
29 643
450 504
106 488
137 738
45 409
492 754
155 962
581 648
234 613
1 76
108 561
548 726
570 874
42 451
246 675
600 745
307 989
195 624
96 987
522 811
389 848
584 608
269 314
363 419
443 523
83 721
952 993
736 805
139 752
144 842
108 155
499 558
486 792
131 997
173 354
396 455
469 663
398 653
148 608
496 603
649 938
267 451
272 347
145 995
115 781
166 955
484 510
215 382
551 704
102 916
106 475
257 459
186 467
719 815
261 387
181 348
176 372
60 114
582 831
307 539
553 791
437 484
96 554
29 58
307 904
290 710
220 907
151 523
501 578
302 653
547 562
363 609
238 867
566 621
273 778
40 555
717 975
207 641
51 173
126 851
170 900
522 606
653 696
588 979
347 839
170 692
92 613
477 957
689 765
527 897
469 585
429 843
196 618
273 487
383 388
280 517
214 914
395 852
202 342
519 535
426 866
334 363
88 401
162 680
516 603
97 453
81 952
11 917
58 472
189 478
476 980
148 201
168 519
209 384
93 145
721 778
16 602
272 756
183 294
16 745
237 889
225 805
86 870
747 856
56 821
424 953
298 926
9 193
229 870
317 693
368 726
310 745
385 710
48 568
547 558
695 766
66 180
195 584
159 941
255 728
722 843
464 615
553 719
709 948
356 556
605 739
456 934
179 755
745 992
304 746
109 933
203 288
460 721
209 983
770 890
593 873
499 742
173 281
288 657
5 796
10 694
93 115
330 391
279 450
727 756
340 732
188 920
172 501
231 858
36 324
7 453
301 808
563 621
163 859
326 645
38 692
382 756
65 714
64 803
124 339
290 445
38 519
13 808
42 714
816 925
599 994
648 678
258 782
410 596
601 714
285 328
164 968
481 836
548 770
165 482
152 723
122 961
531 977
604 745
648 787
356 482
269 277
252 691
442 955
874 966
237 306
249 284
299 800
208 304
322 579
308 530
154 440
287 356
53 834
202 396
369 611
303 654
110 936
697 855
24 979
740 787
390 518
340 641
182 356
332 820
387 560
797 857
115 816
520 726
139 224
323 863
586 859
466 845
305 329
489 500
871 959
405 911
29 819
432 803
72 266
703 855
134 214
66 312
384 821
354 639
176 450
786 944
570 875
42 448
299 307
548 806
200 652
591 832
255 515
484 595
394 679
691 859
28 515
265 722
221 689
126 534
382 636
118 938
503 740
240 996
653 966
257 925
832 902
836 950
32 734
880 946
115 927
82 172
589 699
715 960
590 748
42 846
357 887
12 278
767 828
181 441
326 690
509 909
76 560
281 508
11 167
565 596
401 775
309 406
573 821
172 882
559 774
357 442
350 717
186 306
209 243
211 861
341 918
68 690
0 178
206 544
324 619
488 626
403 412
26 801
25 658
327 453
511 568
312 994
8 507
484 736
744 820
360 573
94 242
22 639
39 695
443 534
360 588
71 230
238 557
277 675
285 644
147 607
62 590
579 672
50 430
378 803
342 718
148 807
421 725
567 612
297 488
76 912
737 970
64 284
482 551
139 330
491 959
2 990
24 698
392 958
135 158
167 421
103 234
555 851
278 738
137 607
398 870
309 377
383 936
391 871
352 912
21 294
82 724
923 950
410 879
233 832
306 908
77 853
132 484
190 310
66 352
42 265
71 228
433 956
585 742
19 27
620 675
302 686
216 427
35 977
790 835
85 823
259 294
317 484
471 895
153 728
151 893
507 587
37 118
529 658
692 822
452 563
514 594
622 691
256 914
464 789
451 765
558 778
80 980
527 698
37 192
168 311
404 882
102 115
872 969
600 632
82 705
380 736
23 702
430 676
405 874
707 806
86 673
385 406
725 982
513 914
223 409
946 948
376 724
565 942
15 397
751 919
924 963
561 575
378 453
454 630
151 457
506 902
42 124
210 647
380 394
332 485
212 691
161 651
256 673
456 884
91 743
511 982
22 551
8 145
952 968
117 284
282 835
66 554
287 470
415 685
342 647
236 510
161 823
215 806
679 866
727 799
645 670
337 372
98 588
166 925
176 925
504 506
90 639
275 547
119 760
124 658
270 746
107 580
64 913
336 497
65 725
368 930
389 410
761 798
454 688
206 709
526 612
307 942
327 339
185 462
226 546
6 300
122 627
406 584
130 828
347 558
152 560
122 994
695 801
418 855
352 978
374 796
194 345
278 441
445 456
624 925
221 289
407 908
84 239
123 579
193 433
253 609
336 883
67 997
50 237
398 659
295 717
746 821
84 828
84 556
555 651
79 251
10 478
339 555
276 381
168 414
44 241
107 659
461 920
281 338
285 362
72 73
466 592
270 480
368 974
663 807
525 770
55 599
377 993
198 328
169 941
123 178
419 905
61 760
476 554
583 663
4 904
200 220
468 861
126 849
161 691
769 828
40 956
305 520
69 575
394 811
113 299
9 752
268 363
64 192
62 591
70 918
680 778
398 589
737 751
106 982
658 833
53 953
295 864
131 963
233 489
178 346
23 838
196 266
698 980
185 767
701 735
853 900
141 520
724 919
693 704
90 567
362 816
56 763
612 912
284 923
331 432
194 904
203 602
76 420
171 504
215 979
21 662
439 747
668 727
46 827
108 996
273 292
73 895
76 138
354 548
194 221
378 430
324 584
219 691
337 707
89 162
53 263
717 864
352 811
114 646
167 400
579 976
622 854
92 805
476 644
424 503
226 959
468 992
160 273
895 923
566 873
326 386
153 584
264 303
680 855
203 290
386 990
174 929
153 874
446 789
340 504
741 852
426 836
82 226
524 909
227 791
28 732
613 934
118 607
447 703
286 379
132 901
23 584
194 714
440 566
244 272
16 553
99 936
281 443
157 280
876 956
311 975
405 986
627 758
11 383
111 198
243 502
394 476
33 116
531 757
117 822
63 432
103 947
630 764
562 884
178 621
117 584
191 429
576 727
52 852
143 703
572 842
446 580
528 616
14 315
134 679
370 905
173 490
322 752
252 881
71 463
149 641
443 940
192 283
35 247
399 894
115 901
533 973
222 762
396 659
81 791
542 932
146 845
732 767
279 823
33 325
73 580
595 971
67 98
290 479
863 910
43 253
392 648
215 923
355 780
98 144
20 266
620 682
124 198
45 269
255 956
38 146
497 508
351 489
333 590
88 687
613 663
471 945
230 980
217 239
491 504
95 138
207 460
165 984
44 799
117 511
230 566
896 936
17 209
143 945
197 472
14 646
110 987
143 806
187 350
727 856
788 972
400 788
253 347
118 532
606 745
111 725
22 366
409 923
693 747
668 959
453 563
327 899
167 986
923 940
90 229
328 728
148 825
314 493
337 964
469 595
180 278
424 960
492 516
582 845
553 933
76 246
584 673
215 669
167 286
259 716
799 974
377 691
93 652
515 543
61 985
164 454
131 151
360 733
518 944
429 823
47 504
13 56
291 938
297 349
670 926
215 815
856 937
734 997
390 573
616 716
452 782
116 435
322 947
594 866
693 862
21 209
542 621
176 934
598 953
569 977
137 605
394 957
380 845
399 453
341 598
103 603
172 848
525 980
586 706
475 769
441 913
389 465
268 885
181 960
39 486
173 944
245 767
144 698
513 711
21 984
372 972
124 992
442 930
773 942
151 782
812 964
0 732
437 953
313 651
895 922
291 616
164 506
438 713
403 630
62 409
675 974
644 947
175 331
731 843
352 360
541 710
715 735
41 956
233 452
141 329
603 806
793 810
211 509
139 360
103 187
6 984
392 860
46 297
291 386
379 585
326 760
332 637
79 464
154 569
301 950
487 911
94 963
112 899
780 932
223 522
349 987
432 905
111 193
315 964
29 78
324 542
315 821
643 895
610 758
647 715
248 939
337 558
800 834
132 723
147 989
705 859
526 859
583 862
420 898
342 955
36 626
79 572
213 838
584 806
395 546
255 428
438 580
274 733
782 829
452 551
448 775
232 857
88 477
396 430
400 809
370 763
97 401
98 586
462 701
215 481
112 626
197 807
128 850
224 907
478 784
390 438
253 658
901 970
653 945
542 820
104 704
309 447
534 712
223 729
530 887
436 822
764 861
690 861
150 803
341 864
206 634
320 549
561 601
206 747
61 722
526 900
540 864
152 929
265 326
584 612
549 766
675 726
5 268
193 228
700 749
334 855
26 396
62 454
217 287
292 335
47 487
88 236
182 650
348 678
757 782
390 967
128 754
503 775
567 946
496 607
615 902
887 957
230 480
70 377
130 162
83 254
158 748
36 264
202 528
529 633
242 692
24 383
336 689
776 814
309 354
228 886
194 930
600 673
345 566
203 688
719 728
189 750
301 672
128 378
4 709
138 783
32 262
33 51
159 663
454 557
404 857
7 611
178 675
882 955
20 414
223 241
117 926
263 778
138 752
775 785
218 386
237 358
143 758
65 398
247 930
689 753
343 784
269 909
425 663
126 275
128 734
8 123
496 748
260 743
594 976
520 947
171 929
258 371
453 500
223 994
538 938
150 316
158 859
107 625
716 801
111 857
578 798
78 189
600 701
107 927
38 543
385 399
704 794
122 727
32 290
273 712
471 677
221 818
303 348
126 913
347 616
78 744
669 987
553 674
290 968
485 827
144 601
523 779
342 527
135 682
69 418
75 785
493 514
633 863
503 681
98 325
154 467
140 162
658 931
331 713
179 557
76 951
457 796
832 880
101 469
110 605
663 677
386 435
529 577
716 837
242 764
353 573
655 666
859 887
509 946
590 965
225 635
910 972
214 489
470 839
113 762
489 694
648 682
141 997
651 684
7 901
52 274
91 828
61 717
35 974
74 552
381 700
424 695
242 354
495 557
41 434
333 906
209 644
84 496
48 774
274 312
355 800
31 696
17 90
92 954
532 719
304 650
361 975
267 284
558 954
10 884
391 454
50 196
589 945
273 419
314 689
541 858
396 431
200 632
107 283
724 969
512 713
642 836
73 586
183 405
167 816
410 819
262 927
34 982
539 895
117 871
0 857
405 734
69 917
351 491
299 324
271 298
511 657
627 664
632 770
731 758
540 912
339 721
229 749
514 759
109 839
330 948
112 659
199 858
460 646
653 881
123 580
166 496
101 809
283 308
305 860
197 454
311 322
421 654
443 970
448 868
28 945
273 399
206 479
23 831
575 882
210 994
620 936
125 262
409 921
327 863
533 848
284 849
194 560
581 932
492 813
43 317
188 674
449 614
376 962
11 710
709 981
149 313
45 504
357 422
416 472
167 933
333 445
356 420
690 894
436 954
147 201
155 594
105 439
198 660
152 736
433 997
547 569
565 625
53 337
275 800
304 997
817 956
485 774
705 947
95 232
264 310
84 159
50 475
964 987
714 818
92 610
407 941
459 610
334 594
136 607
608 639
291 829
537 678
131 853
267 482
533 771
600 608
729 828
676 797
698 821
185 990
216 964
340 778
918 929
581 809
592 766
466 513
90 199
72 326
648 655
96 604
150 889
816 837
46 830
565 854
307 634
324 743
93 129
337 695
85 433
256 554
475 606
739 829
800 919
352 814
367 725
450 643
302 511
365 421
25 745
304 751
126 594
1 641
623 730
169 475
300 635
322 747
53 873
403 854
227 570
472 978
269 769
234 482
314 666
331 712
441 822
79 926
279 360
434 723
343 650
58 278
422 799
245 676
706 854
163 241
326 623
957 967
33 717
52 152
167 702
719 893
880 899
167 783
538 673
871 999
9 262
158 225
152 314
172 965
74 887
163 666
203 857
299 458
372 780
565 987
75 355
630 755
713 985
665 926
411 978
618 906
34 631
74 696
955 997
722 808
874 963
809 948
100 635
252 942
421 439
153 553
575 746
92 554
292 420
633 890
317 855
265 996
140 240
205 982
450 862
316 401
193 602
421 634
59 139
339 687
219 631
400 811
810 874
672 903
434 582
197 805
188 552
542 939
180 616
127 565
590 951
466 985
159 270
785 843
419 597
87 120
487 770
629 757
100 485
214 357
90 191
134 346
177 965
397 524
220 957
268 831
929 979
133 163
66 70
380 850
100 825
504 674
618 826
363 409
420 928
55 330
192 783
622 781
40 851
614 941
613 630
536 743
465 875
193 260
122 418
452 631
35 633
187 738
597 947
45 785
728 941
53 978
148 622
260 668
503 950
72 768
404 839
214 874
659 971
128 897
336 548
63 595
546 619
2 793
211 661
401 873
186 477
707 853
599 835
871 990
569 660
298 789
194 834
358 977
458 735
371 614
337 731
108 674
200 685
113 124
313 402
161 710
454 973
333 960
583 800
360 546
624 735
290 789
347 812
23 297
468 968
199 936
442 751
278 345
192 922
636 989
164 336
408 674
32 930
144 172
142 427
74 188
482 990
126 273
684 957
631 632
300 950
438 812
188 771
337 447
357 948
123 830
46 272
693 859
620 909
15 835
344 688
491 579
283 863
590 892
367 461
224 949
0 454
517 687
150 540
725 844
279 888
445 757
419 921
56 844
534 609
259 849
219 281
47 519
583 593
696 779
74 931
56 170
282 692
587 739
233 297
226 857
26 113
195 590
276 661
22 438
54 777
161 595
182 935
200 935
152 778
338 673
490 612
420 847
35 528
75 787
139 574
414 444
250 279
18 753
145 754
151 316
120 870
693 925
196 731
370 722
650 992
58 279
500 992
14 782
54 971
71 952
862 989
194 633
729 904
289 811
254 877
772 832
568 724
15 746
492 645
646 952
243 333
47 709
626 822
275 454
3 983
225 859
48 587
216 541
562 880
164 498
94 316
131 306
338 754
356 639
484 564
69 610
89 92
196 891
30 779
252 943
22 939
169 421
47 460
549 906
14 340
36 930
528 618
283 731
296 862
336 795
473 814
337 391
192 398
296 636
447 735
28 851
625 809
936 940
336 712
625 954
345 735
129 814
668 885
124 397
132 554
63 242
428 429
547 801
56 772
609 616
761 961
246 523
284 364
160 802
328 632
517 810
355 897
229 952
454 599
228 352
57 888
293 532
360 967
386 753
61 945
959 968
17 427
398 879
669 675
142 349
477 850
199 403
356 881
417 911
339 926
72 547
519 923
81 683
227 629
269 840
187 451
836 956
72 769
262 719
418 757
400 776
11 878
235 460
222 730
337 380
9 54
362 985
3 595
444 679
379 630
42 618
43 319
600 676
106 341
859 945
72 477
110 373
609 682
815 922
341 559
108 878
215 970
489 645
290 366
65 982
263 609
36 200
381 512
209 407
34 730
510 975
226 690
464 739
427 489
804 845
237 466
467 565
647 818
9 874
127 372
2 485
311 621
130 949
156 894
50 473
178 226
105 898
70 924
416 723
789 858
688 911
36 875
75 89
801 849
774 824
297 466
266 827
266 611
304 434
412 805
567 915
1 502
257 876
3 256
520 950
123 817
366 579
112 558
81 945
706 880
174 330
909 941
127 750
461 806
559 605
391 959
395 440
847 977
507 978
439 851
726 957
811 897
392 529
341 594
96 495
138 204
301 624
197 687
133 951
190 312
46 828
217 766
381 435
682 912
534 977
77 858
209 354
708 844
30 132
570 813
129 673
630 661
761 874
743 910
134 434
605 937
66 143
56 393
57 944
316 843
562 943
726 922
433 737
143 678
695 917
221 578
256 842
472 488
649 886
335 383
71 337
477 922
44 739
403 931
173 385
1 560
18 750
98 320
418 603
560 656
12 103
89 940
606 907
336 975
44 400
119 972
598 767
323 731
276 323
684 704
900 901
387 618
439 774
279 697
140 737
470 632
144 182
681 899
764 806
305 439
90 903
458 931
257 308
213 910
155 833
233 917
467 960
530 670
358 527
219 503
113 840
789 847
663 874
355 868
47 538
233 576
734 928
310 716
43 963
627 795
350 824
147 846
406 745
338 755
195 954
87 760
18 929
461 634
549 824
2 429
460 669
120 566
196 907
731 826
75 830
205 835
386 959
637 832
656 826
286 559
72 919
58 726
754 859
340 648
32 713
83 230
70 416
422 825
24 760
135 220
48 206
219 791
127 678
901 933
387 983
470 900
205 489
214 409
56 551
552 620
480 583
155 813
391 677
859 965
362 535
146 616
241 430
48 266
655 921
512 964
55 585
253 980
539 737
150 918
82 952
51 443
694 723
169 964
540 717
569 824
97 642
204 250
556 615
613 658
65 132
49 831
165 275
614 976
80 455
282 911
959 971
736 846
445 450
446 613
182 799
442 696
204 559
268 460
499 566
335 420
399 955
61 372
304 407
264 904
357 926
84 826
106 158
783 915
404 816
63 605
488 993
159 206
609 835
211 663
127 555
0 230
506 892
253 385
466 586
306 995
885 893
301 853
164 952
290 367
509 601
55 941
294 303
186 684
583 623
105 436
454 545
132 301
40 644
384 566
297 979
226 691
320 436
191 403
431 480
155 482
244 575
765 844
252 609
398 821
593 603
99 238
49 517
272 671
36 773
753 797
226 247
300 658
792 926
727 906
1 501
537 683
187 494
171 933
235 282
880 981
679 945
118 629
283 928
859 990
750 917
438 511
668 920
707 930
64 928
121 561
86 557
271 661
238 344
42 591
396 950
327 610
223 541
168 813
298 868
267 931
198 981
146 688
350 656
132 483
246 961
263 567
655 977
553 891
486 797
6 351
155 563
253 638
604 622
5 29
105 545
478 492
609 881
739 830
17 336
734 743
420 619
38 46
665 816
795 865
247 892
398 712
97 595
286 903
65 366
374 400
161 947
199 799
292 387
594 767
207 304
135 567
268 404
737 781
558 781
273 753
45 710
83 495
305 921
616 813
67 931
810 885
139 367
432 499
512 803
474 594
129 437
495 824
31 58
698 869
392 720
600 639
177 274
845 931
354 926
362 673
436 680
48 400
915 954
733 991
497 799
33 180
177 589
327 727
39 163
963 983
660 989
582 910
377 524
674 864
531 985
423 951
441 620
399 517
173 689
799 909
468 915
334 457
450 791
333 791
268 346
291 523
438 686
289 403
452 542
291 920
224 469
745 853
637 863
144 246
398 527
370 786
486 964
182 461
2 127
496 552
451 508
554 707
3 347
206 374
119 979
14 889
715 988
495 860
29 632
110 637
174 498
607 888
154 614
942 967
203 651
581 750
142 602
362 532
180 312
371 655
391 586
219 323
60 709
894 936
526 905
639 768
183 749
705 826
127 461
226 910
394 830
330 944
66 918
779 842
549 940
221 427
792 899
532 973
112 294
240 875
473 898
214 911
106 780
364 452
330 372
404 979
267 365
147 632
328 365
880 938
671 780
15 872
239 270
497 667
725 965
318 923
283 884
603 635
497 628
211 662
101 203
121 645
392 396
811 820
444 903
863 971
573 958
67 213
919 997
206 552
544 567
618 744
531 819
293 748
557 635
445 801
547 573
215 667
330 611
238 872
4 992
48 996
252 668
94 363
748 988
5 363
109 807
97 935
670 742
30 833
89 267
198 231
209 994
362 468
930 962
148 815
390 710
118 731
50 795
516 588
189 463
754 939
208 461
171 723
776 975
57 280
190 476
101 239
677 982
208 235
371 809
428 480
267 930
552 948
21 671
134 150
752 839
259 995
186 577
206 516
13 688
635 771
262 645
213 473
38 220
267 500
695 870
165 215
322 338
198 289
406 690
352 512
286 652
813 909
422 848
187 702
465 944
688 941
857 874
839 846
145 358
274 514
352 366
822 903
41 934
192 310
610 996
150 243
49 492
488 540
202 706
617 737
214 657
231 845
344 655
59 932
676 829
551 643
292 550
8 883
823 935
93 526
825 831
264 713
219 457
47 695
132 759
54 421
119 193
674 782
609 803
39 384
576 703
39 273
6 313
196 870
53 695
192 965
416 541
292 416
726 753
162 916
399 929
3 188
136 539
213 531
658 896
495 633
637 928
943 993
412 879
254 496
435 694
400 702
59 83
645 952
590 776
239 346
810 904
145 799
516 826
186 453
335 548
16 524
44 180
811 971
61 658
82 261
401 675
113 665
609 764
721 986
371 737
544 957
